gene_id	gene_length	mff1	mff2	mff3	mff4	mfm1	mfm2	mfm3	mfm4	muf1	muf2	muf3	muf4	mum1	mum2	mum3	mum4
YQE_00091	924	856	739	571	632	629	478	564	312	472	1055	948	441	796	775	704	932
YQE_04210	1014	11	7	2	1	3	2	2	7	4	28	1	3	4	4	4	2
YQE_04211	225	6	0	0	1	0	2	2	0	1	5	0	0	0	0	0	0
YQE_04212	648	4	0	1	0	0	1	0	1	1	9	2	1	1	3	1	3
YQE_00270	471	0	0	0	0	0	0	0	0	0	0	0	0	0	1	0	0
YQE_01522	1449	110	102	69	134	148	175	154	101	110	121	58	54	177	239	138	251
YQE_01523	1320	114	271	68	187	161	30	142	16	81	64	62	73	196	207	22	416
YQE_01524	733	53	161	23	73	85	17	87	6	46	34	37	45	83	78	18	193
YQE_01525	2823	318	195	239	265	179	182	145	157	255	439	214	196	259	284	259	316
YQE_01526	1625	5	2	1	1	253	7	10	1	6	0	2	5	1653	1542	2	834
YQE_01527	2253	174	115	95	134	133	131	92	82	140	240	132	148	178	174	148	167
YQE_01528	1077	286	62	12	31	18	9	15	9	30	459	16	21	24	32	17	16
YQE_01529	480	2	6	2	5	3	0	0	0	5	6	5	2	12	14	1	9
YQE_01530	2076	132	72	62	87	88	103	63	57	107	193	110	69	147	188	133	149
YQE_01531	1494	277	192	189	176	143	172	141	128	196	258	167	133	192	214	185	210
YQE_01532	897	249	167	142	205	162	177	164	125	167	256	168	129	182	197	149	214
YQE_01533	1230	56	36	16	27	34	24	31	20	42	90	32	20	43	65	32	50
YQE_00162	864	99	99	61	96	135	33	95	7	78	78	91	79	140	142	42	200
YQE_01344	2068	125	81	97	109	190	222	190	196	110	144	86	75	262	259	215	313
YQE_01345	531	111	61	68	76	75	75	72	55	92	111	61	67	96	96	97	98
YQE_04050	1099	511	388	237	354	323	376	321	339	163	229	132	125	161	181	168	159
EMDPOG00000000065	72	0	0	0	1	0	0	0	0	0	0	0	0	0	0	0	0
EMDPOG00000000277	72	0	0	0	0	0	0	0	0	0	0	0	0	0	0	0	0
YQE_04051	764	31	25	21	24	20	29	15	24	19	27	33	12	17	20	23	22
YQE_04052	936	167	111	88	108	122	123	110	85	111	135	148	102	137	149	122	154
YQE_04053	804	38	23	26	32	15	24	14	21	32	41	21	31	37	37	25	39
YQE_04054	1038	324	305	235	396	195	226	188	174	254	302	329	288	257	306	249	322
YQE_04055	1026	0	0	0	5	2	1	1	2	0	2	2	2	8	7	0	2
YQE_04056	1023	445	581	428	440	939	913	1402	1195	154	176	338	233	724	879	719	942
YQE_00969	2379	18	21	20	14	34	29	22	26	45	15	26	19	73	61	41	47
YQE_03637	2297	839	817	810	983	1401	1505	1134	1190	791	564	695	777	702	886	740	822
YQE_03638	1512	2478	2243	2446	2904	3526	3630	3244	3210	3371	2483	3007	2469	3335	4125	3456	4044
YQE_03639	1870	451	384	248	314	297	274	291	226	403	539	369	224	391	449	308	445
YQE_03640	1859	663	651	605	594	545	584	495	427	552	638	549	463	696	796	585	789
YQE_03641	577	621	537	408	465	555	562	451	385	485	477	410	402	571	676	490	522
YQE_03642	2105	3	6	2	6	3	6	8	3	17	21	13	7	13	12	10	11
YQE_03643	3205	565	353	288	329	254	287	326	202	273	646	313	232	274	295	225	291
YQE_03644	1470	1009	689	603	819	721	688	692	539	562	802	619	483	598	640	523	693
YQE_03645	4314	292	194	153	176	128	157	167	118	170	368	170	100	216	230	168	216
YQE_03646	1084	301	208	140	177	155	189	161	140	103	211	198	119	148	159	112	236
YQE_03647	4139	1252	1055	825	1115	1209	1147	1040	672	703	986	870	718	917	892	801	1055
EMDPOG00000000310	73	0	0	0	0	0	0	0	0	0	0	0	0	0	0	0	0
YQE_03648	938	581	582	473	654	638	647	492	424	544	640	508	530	610	673	499	669
YQE_03649	970	134	94	60	95	81	86	65	54	100	167	114	112	137	142	117	157
YQE_03650	1160	677	451	417	488	354	386	562	347	468	573	413	292	345	442	306	388
YQE_03651	678	79	27	23	18	18	17	22	16	22	112	19	19	29	28	14	35
YQE_03652	2989	2091	1363	1364	1593	1308	1355	1301	1053	1282	1967	1427	1115	1484	1528	1269	1935
YQE_03653	1638	696	452	381	449	439	451	423	318	444	673	418	313	651	753	485	656
YQE_03654	2010	1118	672	539	643	571	548	544	437	487	1081	497	382	654	683	520	671
YQE_03655	690	17	9	8	10	15	13	4	10	6	11	13	6	23	47	3	31
YQE_03656	1500	151	107	76	77	71	62	52	47	47	187	38	61	76	72	45	79
YQE_03657	2015	707	391	320	409	393	394	338	273	407	789	412	304	424	459	374	490
YQE_03658	1260	61	49	53	49	55	51	41	40	59	67	67	49	72	72	68	73
YQE_03659	1539	762	495	385	545	422	396	430	326	511	893	554	439	642	636	560	687
YQE_03660	630	360	244	232	386	343	281	252	220	299	491	281	276	353	354	319	472
YQE_03661	928	119	57	89	124	83	82	76	60	111	146	78	92	126	108	107	134
YQE_03662	1794	876	792	560	847	732	747	711	510	1009	1115	942	700	821	1104	757	1045
YQE_03663	1512	251	97	63	81	79	81	65	57	80	361	72	79	103	95	84	99
YQE_03664	2151	979	807	658	862	826	757	853	606	922	1016	775	718	982	1062	760	1078
YQE_03665	2771	610	336	276	348	313	328	282	230	451	655	410	303	432	528	351	502
YQE_03666	1412	1836	1404	1111	1483	1228	1354	1592	1112	1282	1746	1350	1017	1377	1490	1145	1499
YQE_03667	2465	310	209	160	226	211	180	149	154	208	419	190	165	205	226	163	250
YQE_03668	4039	794	483	498	625	473	538	483	422	611	964	551	504	500	579	470	678
YQE_03669	1735	90	53	40	54	38	49	35	40	39	90	52	46	76	114	58	99
YQE_03670	1583	167	110	70	141	93	112	84	115	48	81	72	48	84	88	63	71
YQE_03671	1127	1272	1085	855	1185	786	995	1085	790	1038	1484	1124	799	897	1163	905	1156
YQE_03672	1884	22	4	6	3	3	3	1	1	1	11	0	0	14	6	0	8
YQE_03673	3007	2046	1785	1291	1654	1178	1514	1223	1157	1517	3207	2444	1669	2960	2369	2206	3274
YQE_03674	840	6	11	9	3	6	8	7	1	17	19	16	10	11	13	9	11
YQE_03675	645	10	8	4	10	11	13	11	7	22	29	15	11	27	32	20	21
YQE_03676	971	324	221	255	303	178	182	202	131	347	875	610	467	464	455	421	543
YQE_03677	586	568	490	329	438	440	367	445	349	393	538	436	342	493	554	398	604
YQE_03678	2181	404	299	240	361	331	302	273	221	314	538	351	286	393	439	387	443
YQE_03679	306	90	61	52	50	49	37	34	57	70	110	61	56	76	96	66	65
YQE_03680	1319	378	301	246	355	349	314	257	252	286	382	345	389	402	404	313	484
YQE_03681	834	704	782	884	758	576	846	1017	433	1711	2033	2256	1391	2379	2858	3127	2548
YQE_03682	1059	624	716	806	708	507	671	783	385	1342	1645	1846	1191	1919	2255	2562	2381
YQE_03683	1919	5699	5929	4876	5291	4570	3352	5113	3431	3982	2924	3847	3281	4995	5916	4727	6247
YQE_03684	726	1	0	0	1	2	6	3	3	6	0	0	0	0	0	0	3
YQE_03685	666	172	76	451	478	171	317	89	86	1004	2109	1896	1494	1758	1426	1566	2432
YQE_03686	1131	4	0	0	0	0	0	0	0	4	13	0	0	1	0	0	0
YQE_03687	216	2	0	0	0	0	0	0	0	3	2	0	0	0	0	0	0
YQE_03688	1407	0	0	1	0	0	1	0	0	0	0	0	0	11	12	0	8
YQE_03689	2603	1768	1406	1315	1390	1202	1160	1498	1098	1371	1530	1440	999	1319	1579	1078	1399
YQE_03690	918	0	1	0	2	3	3	3	0	3	0	2	2	6	11	1	5
YQE_03691	1104	9	5	4	6	10	2	3	3	11	2	12	5	7	11	4	1
YQE_03692	726	289	240	210	247	252	214	238	183	215	231	185	192	204	229	186	266
YQE_03693	359	3385	2723	4720	7236	4981	4618	2724	2987	1529	1087	1597	2127	2307	1980	2809	1858
YQE_03694	3030	2069	1709	1360	1818	1771	1618	1582	1216	1410	1640	1526	1261	1964	2027	1438	2023
YQE_03695	3518	404	272	243	302	270	262	258	221	350	461	325	246	429	502	299	401
YQE_03696	12306	10	3	8	6	104	14	9	7	18	11	11	19	760	650	18	477
YQE_03697	1104	2	0	0	3	0	3	0	0	0	1	0	0	0	0	0	0
YQE_03698	1042	559	428	382	456	375	381	422	267	512	701	569	474	430	546	361	573
YQE_03699	198	386	356	257	288	231	265	281	182	365	379	282	243	319	352	236	361
YQE_03700	1635	2070	1816	1543	1841	1403	1476	1799	1211	1823	1890	1688	1412	1617	1852	1337	2087
EMDPOG00000000053	73	0	0	0	0	0	0	0	0	0	0	0	0	0	1	0	1
YQE_03701	657	0	0	0	0	0	1	0	0	0	1	1	0	0	0	0	0
EMDPOG00000000208	72	0	0	0	0	0	0	0	0	0	0	0	0	1	0	0	0
EMDPOG00000000125	72	0	0	0	0	0	0	0	0	0	0	0	0	0	0	0	0
YQE_03702	936	0	0	0	1	23	0	1	0	1	0	0	0	131	106	0	92
YQE_03703	402	0	0	0	0	0	0	2	0	1	0	0	0	0	0	0	0
YQE_03704	1341	1037	836	875	830	966	1177	934	601	950	704	716	637	989	1182	813	923
YQE_03705	1597	18	15	8	10	12	14	7	9	24	33	18	12	19	17	17	16
YQE_03706	1166	1479	1016	896	1310	760	773	1153	683	1435	2021	1412	880	925	1173	891	1087
YQE_03707	1089	1401	983	1006	1069	1078	1132	965	742	1308	1580	1247	1106	1407	1498	1090	1741
YQE_03708	1866	2616	2037	2122	2072	1927	2094	1861	1452	2738	2956	2626	2232	2935	3016	2334	3562
YQE_03709	1765	1	6	1	1	2	2	5	2	39	20	0	2	0	1	3	6
YQE_03710	1226	35	9	1	0	0	0	0	0	0	50	0	0	0	0	0	0
YQE_03711	411	22	8	21	16	10	8	4	1	11	12	12	24	11	4	9	8
YQE_03712	3354	566	277	300	384	264	248	189	147	450	784	391	397	379	386	293	400
YQE_03713	288	67	29	39	43	25	23	20	19	52	86	35	41	39	35	31	36
YQE_03714	2460	1	2	3	3	2	0	4	4	0	0	6	2	4	2	1	4
YQE_03715	1142	351	247	210	287	231	200	259	196	243	323	239	210	175	240	149	206
YQE_03716	1718	5045	4507	3329	4011	3806	3348	4032	2702	3186	3889	3839	2967	3444	3868	2891	4716
YQE_03717	822	142	110	102	127	133	118	110	76	132	143	124	67	147	152	110	145
YQE_03718	1112	79	66	82	64	90	119	84	64	116	65	80	88	93	120	85	99
YQE_03719	1635	1121	683	666	849	520	590	700	448	964	1437	959	712	737	841	699	860
YQE_03720	2031	17721	14459	9309	14496	8423	10108	7652	10113	3203	6001	4537	4759	8716	9557	8914	8792
YQE_03721	621	338	163	121	128	115	134	111	108	133	333	98	77	143	148	84	118
YQE_03722	969	446	217	164	147	117	175	141	113	145	475	118	82	169	141	89	148
YQE_03723	1925	777	612	455	1006	388	649	305	468	521	1150	612	439	731	821	939	936
YQE_03724	1428	305	139	134	111	79	114	88	93	129	251	74	60	130	120	92	141
YQE_03725	1787	721	537	473	598	521	502	473	383	469	642	538	438	594	648	548	627
YQE_03726	2255	376	252	203	320	266	256	238	190	376	460	389	359	387	440	328	477
YQE_03727	3202	3085	2517	2256	2583	2346	2488	2445	1823	3027	2827	2625	2717	2870	3511	2658	3198
YQE_03728	1899	615	315	352	342	301	265	248	191	312	738	294	218	343	388	409	405
YQE_03729	1707	492	356	312	443	376	329	315	256	508	741	523	445	478	634	500	567
YQE_03730	2384	1492	1079	890	1053	1020	809	942	626	1044	2094	1567	974	1229	1527	1170	1629
YQE_03731	405	105	60	56	68	65	53	75	45	86	102	85	76	76	96	70	95
YQE_03732	1265	112	41	9	20	20	18	11	12	14	151	15	8	17	22	16	14
YQE_03733	2379	42980	49479	34145	27269	40652	46860	47442	39556	16109	13485	16519	15148	20235	29044	23673	24152
YQE_03734	1081	113	85	91	132	147	134	141	123	97	155	130	139	162	151	158	204
YQE_03735	652	0	0	0	0	4	0	0	0	0	0	0	0	37	46	0	15
YQE_03736	2442	8	5	9	16	8	20	6	5	38	29	21	15	25	31	20	24
YQE_03737	556	212	142	139	121	184	144	157	113	140	198	176	134	160	195	144	170
YQE_03738	1206	135	125	103	140	119	125	124	89	107	131	135	96	116	142	131	136
YQE_03739	517	55	73	38	73	65	73	61	44	35	49	32	19	45	52	48	62
YQE_03740	1434	287	112	101	92	79	90	78	69	135	424	107	107	136	132	98	151
YQE_03741	1527	342	154	122	137	89	128	84	100	146	425	142	126	139	161	126	181
YQE_03742	2550	489	349	374	335	265	324	295	217	410	630	347	313	469	478	431	467
YQE_03743	3701	2355	1382	1608	1693	1405	1549	1201	1003	2500	3041	2102	1757	2432	2782	1976	2636
YQE_03744	4224	3	3	3	5	2	2	2	1	13	9	1	5	30	13	0	9
YQE_03745	405	0	0	0	0	0	0	0	0	1	0	0	0	0	0	0	0
YQE_00281	1866	6	2	4	7	5	15	2	2	4	3	4	1	13	3	1	9
YQE_00419	1428	436	431	380	420	729	719	344	452	36	50	182	162	212	103	194	136
YQE_00005	354	0	2	0	1	0	0	0	1	0	0	1	0	0	3	0	0
YQE_02321	354	0	0	0	0	0	0	0	0	0	0	0	0	0	1	0	0
YQE_03106	3795	3	0	0	0	2	0	0	0	32	23	0	0	0	1	1	1
YQE_01227	459	0	0	0	0	7	11	7	6	1	0	0	0	25	37	16	20
YQE_01228	759	40	25	29	39	23	28	24	19	32	48	40	29	25	40	32	31
YQE_00481	615	2	0	1	0	0	3	3	0	0	0	0	0	0	1	0	1
YQE_01505	387	24	19	26	38	56	68	56	53	12	4	1	3	12	13	15	12
YQE_000010	1289	26115	29763	19347	17564	23897	23253	26708	14582	11848	7593	11654	9361	9135	11838	16203	12210
YQE_01396	1218	48	32	18	26	11	24	16	30	14	55	18	16	165	63	71	106
YQE_01218	813	164	138	108	152	100	70	69	70	169	226	174	128	115	142	113	163
YQE_01219	1734	2	0	0	1	59	16	8	5	4	0	0	3	404	359	13	188
YQE_01220	1512	241	175	161	320	384	365	326	213	234	333	282	240	372	406	387	596
YQE_02625	1458	246	97	113	79	79	105	96	77	147	344	158	98	126	180	140	172
YQE_02626	720	408	283	229	305	480	449	525	300	460	497	346	249	450	572	402	553
YQE_03054	2475	65	41	64	125	216	162	182	116	95	60	96	102	169	161	134	213
YQE_02373	11619	1535	1035	787	959	693	741	803	573	902	1588	918	574	806	932	657	1015
YQE_02374	1640	117	95	96	114	73	84	89	60	91	161	93	93	73	108	67	97
YQE_02375	1783	621	414	397	559	374	376	449	332	595	961	633	520	486	507	523	660
YQE_01133	1229	66	55	37	60	530	507	576	421	95	56	49	32	659	752	619	646
YQE_00673	615	1016	980	814	809	1894	1812	1812	1157	494	341	427	385	684	1004	786	931
YQE_00656	324	0	0	0	0	22	8	4	10	0	0	0	0	14	22	12	14
YQE_00565	825	0	0	0	0	8	0	0	0	1	0	0	0	50	53	0	26
YQE_00561	135	0	0	0	0	2	3	1	3	0	0	0	0	5	5	6	7
YQE_00616	387	0	0	0	0	0	0	1	0	0	0	0	0	0	0	1	1
YQE_00093	918	0	0	1	0	0	0	0	0	0	0	0	0	0	0	0	0
YQE_00307	612	137	98	102	105	98	115	94	84	87	113	94	91	71	117	81	108
YQE_00308	3108	1027	863	901	1000	769	781	782	720	786	982	851	562	962	1154	969	1064
YQE_00309	411	272	260	202	264	192	241	207	185	233	212	230	218	164	253	149	183
YQE_00160	726	1	4	1	0	15	27	6	17	2	3	1	3	12	12	23	19
YQE_00689	1881	103	51	47	59	50	52	49	39	46	70	54	42	61	58	76	67
YQE_00690	765	44	18	15	32	23	17	26	21	31	35	20	19	39	39	34	52
YQE_00691	1416	299	372	259	339	527	505	404	245	165	98	140	152	177	261	290	177
YQE_00494	2241	220	146	138	151	161	130	166	101	131	190	154	101	127	162	132	163
YQE_00495	1779	454	331	225	402	308	328	260	196	256	469	284	238	269	308	285	382
YQE_00496	2981	250	138	114	127	94	116	130	80	66	249	66	31	97	98	94	90
YQE_00497	1986	260	112	93	117	99	98	103	56	159	282	151	131	129	146	120	160
YQE_00498	2712	236	140	145	163	122	174	125	114	149	171	149	103	159	202	144	176
YQE_00499	1005	85	66	52	55	50	68	47	31	51	55	57	36	49	68	51	47
YQE_00963	2145	340	204	221	275	178	222	209	179	313	334	241	236	275	339	267	312
YQE_00964	1452	2	0	0	1	8	5	1	4	0	2	0	0	16	10	4	12
YQE_07053	1313	13	2	2	5	7	12	3	5	17	6	9	7	9	3	4	6
YQE_07054	711	189	154	150	187	132	157	103	112	187	205	187	149	193	207	200	267
YQE_07055	309	293	240	225	248	320	308	334	213	187	287	221	151	247	329	202	315
YQE_07056	1619	7091	6106	5031	5555	5375	5646	6511	5365	3432	3530	3231	2925	3268	4902	3004	3740
YQE_07057	969	129	93	79	95	102	82	96	72	133	151	141	113	144	135	128	149
YQE_07058	1194	522	405	357	345	330	256	355	287	335	651	446	415	385	519	359	618
YQE_07059	2139	408	222	176	204	224	184	171	191	164	449	144	102	157	161	121	151
YQE_07060	752	12699	11157	7329	8949	15177	12715	14713	10358	4525	5815	6466	4650	6550	7821	6853	8831
YQE_07061	2004	3599	2444	2176	2899	2167	1903	2517	1613	2386	3282	2455	1658	1992	2487	1969	2524
YQE_07062	2610	993	230	133	154	179	163	150	107	252	1493	276	228	378	313	226	346
YQE_07063	2975	1271	1121	1091	1202	1243	1180	988	959	928	1166	978	888	1198	1280	982	1219
YQE_07064	840	315	307	304	354	231	222	228	220	233	294	269	229	302	301	245	307
YQE_07065	1080	273	279	233	323	195	189	195	201	210	224	226	159	239	200	218	281
EMDPOG00000000278	132	9	9	3	4	8	12	4	6	10	11	8	13	16	12	7	16
YQE_07066	4104	827	831	920	1232	691	723	745	699	675	775	674	534	786	714	718	877
YQE_07067	1500	1630	1288	1282	1426	1647	1412	1539	1329	1682	1457	1559	1550	1272	1745	1307	1573
YQE_07068	1167	518	354	361	429	418	403	373	322	256	432	236	243	233	348	351	353
YQE_07069	819	256	151	126	146	133	123	135	78	117	259	135	126	123	148	145	167
YQE_07070	984	584	421	359	426	358	344	358	292	313	498	371	286	314	358	322	414
YQE_07071	762	87	42	34	32	17	23	29	19	14	108	15	10	30	41	21	43
YQE_07072	672	80	21	12	10	24	22	16	23	4	79	8	6	16	22	8	22
YQE_07073	1293	604	390	340	390	354	333	373	236	302	534	359	248	336	360	334	396
YQE_07074	1737	5001	3814	3380	4264	3187	3333	4235	3097	3700	4536	4062	2967	3228	3803	3079	3906
YQE_07075	790	17	12	11	7	37	16	5	10	23	24	15	19	129	154	21	93
YQE_07076	503	172	133	119	134	141	145	124	117	95	187	111	95	109	127	118	158
YQE_07077	1552	611	456	421	516	525	568	491	417	324	589	371	365	420	507	393	515
YQE_07078	1542	212	160	105	159	129	139	145	101	104	225	117	104	122	160	113	168
YQE_07079	1283	26	13	13	11	13	9	2	4	14	57	9	3	21	16	13	11
YQE_07080	1716	237	193	164	237	225	225	185	145	282	309	227	211	316	308	199	208
YQE_07081	2210	148	54	46	60	50	53	54	59	91	191	78	81	99	87	78	91
YQE_07082	1155	1	0	0	0	0	1	0	1	1	1	1	2	2	1	0	0
YQE_07083	666	1	0	0	0	2	0	0	0	3	6	5	0	1	0	1	0
YQE_07084	630	185	94	99	120	152	129	134	125	151	186	132	99	131	171	105	154
YQE_07085	2136	351	225	217	259	247	213	218	195	280	382	262	201	276	297	264	319
YQE_07086	2241	222	138	131	140	143	116	135	90	100	216	133	95	125	167	130	136
YQE_07087	1779	412	266	218	332	282	236	223	175	246	404	250	222	266	285	216	324
YQE_07088	2981	262	166	107	104	114	117	120	81	91	225	77	49	110	105	73	78
YQE_07089	1995	225	127	93	121	82	118	79	87	154	291	153	139	123	148	123	155
YQE_07090	2712	190	137	135	115	142	140	114	92	116	186	134	97	140	171	100	161
YQE_07091	1005	86	57	55	51	48	41	41	41	60	74	61	33	56	65	58	51
YQE_02262	741	13	6	19	12	72	58	48	44	22	9	9	1	63	95	71	76
YQE_02263	459	84	54	45	62	56	73	67	55	88	148	79	55	92	124	100	133
YQE_02264	2552	318	164	186	211	296	430	261	261	263	422	212	241	739	663	638	593
YQE_02265	1416	11011	8766	8672	10547	13036	11435	12940	9966	7078	7339	6814	5643	8687	10259	8812	10525
YQE_02266	2875	561	329	340	346	279	352	249	205	433	657	393	328	425	549	367	507
YQE_02267	1206	278	240	164	213	136	129	164	107	180	250	166	152	137	167	149	168
YQE_02268	972	5	2	2	3	8	15	9	14	26	21	13	7	15	81	14	22
YQE_02269	4404	1761	1510	1770	2686	2094	1925	1803	1535	1052	1343	835	577	923	925	1351	1417
YQE_08163	1080	345	171	113	102	116	122	94	105	185	307	145	69	200	261	238	281
YQE_08164	4689	6597	5574	4188	4989	9230	8532	7828	7573	4026	3049	3505	2715	3467	5084	3762	3911
YQE_08165	273	11	7	1	8	4	3	1	5	8	12	12	4	6	18	6	13
YQE_08166	898	28	19	10	18	20	21	16	12	37	39	32	18	39	57	27	40
YQE_08167	1608	704	359	653	760	337	341	221	190	1149	2675	2376	1402	1530	1465	1710	1816
EMDPOG00000000018	72	0	0	0	0	1	2	0	0	0	1	0	1	0	0	0	0
YQE_08168	1009	395	300	225	300	260	238	298	204	258	355	313	243	282	309	241	337
YQE_08169	664	15726	14580	12039	15570	13930	13371	13739	10191	15005	15588	17923	15440	15088	17084	14694	17437
YQE_08170	744	662	520	359	461	448	411	438	286	376	453	446	326	344	507	313	486
YQE_08171	6536	898	389	471	436	399	543	339	350	897	1365	735	720	774	1020	647	954
YQE_08172	453	37	9	19	6	15	9	11	10	28	56	18	13	20	33	17	20
YQE_08173	2333	3467	3269	3055	3502	4217	3636	3549	2879	2045	1963	2232	1623	2853	3663	3011	3564
YQE_08174	486	1	0	0	3	37	1	2	0	5	0	4	4	196	198	3	124
YQE_08175	4350	4276	3166	3218	3395	3191	3128	3073	2641	3076	4328	3352	2813	3152	3476	2842	3792
YQE_08176	515	182	140	117	128	113	118	134	85	167	188	169	134	148	195	149	178
YQE_08177	2423	604	302	208	251	231	271	202	186	364	813	344	304	355	388	314	408
YQE_08178	2252	2103	1539	1462	1995	1528	1329	1448	1127	1310	1496	1233	1040	1290	1581	1172	1467
YQE_08179	4127	1165	614	700	744	675	777	422	594	1166	1423	1044	862	1236	1657	1071	1301
YQE_08180	3255	1091	727	690	796	582	640	574	552	794	995	812	653	847	895	756	966
YQE_08181	1736	5017	4352	3824	5550	4260	4067	4272	3419	4873	5668	5218	4427	5041	5869	5140	6828
YQE_08182	1478	260	156	104	160	124	122	126	81	225	362	164	151	152	230	141	227
YQE_08183	1675	2787	2137	1901	1648	2360	2103	2356	1814	1150	1309	1343	1110	1133	1335	1105	1746
YQE_08184	961	193	121	105	126	94	114	87	78	152	237	137	136	114	167	114	163
YQE_08185	2413	2518	2116	2022	3228	3472	3402	3045	2742	1757	1768	1843	2026	2081	2042	2051	2365
YQE_08186	2590	684	421	328	418	281	275	341	246	296	611	240	182	344	414	231	319
YQE_08187	456	89	53	76	68	44	63	55	40	97	97	119	66	96	123	86	140
YQE_08188	3081	601	367	385	448	331	411	354	319	683	804	718	476	677	924	541	929
YQE_08189	1606	1195	1052	897	982	906	997	1007	779	982	1046	1091	883	1037	1125	973	1127
YQE_08190	869	11	11	6	6	8	3	5	3	10	33	15	9	12	13	11	35
YQE_08191	1671	2	0	0	1	0	0	0	0	0	0	0	0	4	1	0	0
YQE_08192	483	11	0	1	0	1	0	0	0	1	2	0	1	3	0	1	0
YQE_08193	1017	9	0	1	0	1	0	0	0	0	5	0	0	1	2	0	1
YQE_03011	2907	11	11	14	15	5	20	3	7	28	28	20	19	13	19	9	17
YQE_00348	1386	1	0	0	1	0	1	3	0	1	0	0	0	1	1	0	1
YQE_00812	2283	29	19	16	19	16	19	12	12	12	31	23	16	56	54	38	50
YQE_01078	1644	4705	6159	1906	1204	18930	16040	15284	12877	245	43	47	19	917	1934	1262	880
YQE_00675	993	11	12	10	11	9	16	5	7	27	9	11	6	13	19	11	14
YQE_02547	306	11	20	9	28	11	12	15	13	24	9	6	7	11	14	13	15
YQE_02548	2136	86	63	81	105	106	99	91	65	64	107	70	59	89	82	70	102
YQE_01103	1095	0	0	0	2	0	1	0	0	5	3	0	0	0	1	0	0
YQE_00262	820	0	0	0	0	0	0	0	0	1	1	0	0	0	2	0	0
YQE_02722	222	26	10	32	31	6	24	10	11	71	47	62	60	75	79	62	58
EMDPOG00000000166	123	0	5	4	6	0	3	1	2	4	5	2	3	2	3	2	2
YQE_02723	1722	417	170	119	122	86	71	78	55	121	509	133	116	124	105	101	112
YQE_02724	591	323	219	228	216	312	262	270	173	314	269	386	257	314	362	300	405
YQE_00138	961	0	0	0	0	18	0	0	0	1	0	0	0	73	80	0	51
YQE_01710	468	11	5	0	3	2	8	3	2	3	7	3	3	2	2	0	4
YQE_01711	826	25	17	8	17	17	19	10	12	11	19	7	5	12	13	8	7
YQE_01712	1752	1520	1670	1321	1178	1213	1420	1338	1028	766	692	746	569	1034	1097	942	960
YQE_03132	444	1	0	0	0	0	0	0	0	0	0	0	0	0	0	0	0
YQE_10392	1695	104	57	51	53	49	44	42	62	76	154	71	53	88	82	48	74
YQE_10393	1322	392	212	200	265	207	184	209	177	221	455	232	199	237	220	207	281
YQE_10394	698	599	513	368	488	335	340	352	237	451	524	504	487	382	403	335	448
YQE_10395	2077	555	405	309	397	201	219	259	145	497	580	525	314	353	484	315	439
YQE_10396	2376	1362	1050	1029	982	920	1082	805	829	868	818	762	572	1033	1059	805	894
YQE_10397	1542	1417	1321	958	1264	1210	1283	1244	967	815	896	945	873	972	1018	947	1132
YQE_10398	1978	583	373	371	398	608	637	575	459	362	594	324	247	472	601	498	549
YQE_01121	483	0	0	0	0	0	0	0	0	1	0	0	0	0	0	0	0
YQE_02913	2295	1	2	0	0	0	0	0	0	0	3	0	0	0	1	0	1
YQE_00241	583	0	1	0	0	0	0	1	0	0	0	0	0	1	0	0	0
YQE_00457	867	22287	21101	16365	16529	40261	33942	30875	28813	2267	1914	2925	2822	8841	10275	9902	6927
YQE_00458	1002	6	2	3	3	4	9	5	1	99	0	2	0	5	3	3	4
YQE_00459	982	0	1	0	0	0	1	0	0	91	0	0	1	1	0	1	0
YQE_04982	798	20	10	10	14	15	15	15	11	20	15	10	6	6	28	17	14
YQE_00985	216	2	0	1	0	0	1	1	1	0	0	0	0	1	2	0	1
YQE_09019	1593	5	7	5	18	25	4	15	3	9	14	22	33	127	54	20	164
YQE_09020	1239	28	24	18	19	18	24	21	27	14	19	16	7	32	23	25	30
YQE_09021	752	97	72	53	80	79	73	77	54	69	83	82	71	101	79	80	100
YQE_09022	453	175	125	105	137	116	108	78	69	191	323	322	237	184	162	169	241
YQE_09023	2213	130	97	89	103	195	192	107	103	160	181	128	127	541	621	198	484
YQE_05212	928	0	1	1	2	7	1	1	0	1	1	2	0	33	36	0	15
YQE_05213	583	0	1	1	0	1	1	0	0	0	2	1	0	17	20	0	10
YQE_01543	649	440	279	245	373	180	196	301	208	387	540	316	279	309	375	234	346
YQE_05121	735	0	1	0	0	0	0	0	0	0	0	1	0	7	0	0	3
YQE_05122	882	0	0	0	0	0	0	0	0	0	0	0	1	19	23	0	20
YQE_05123	5987	1	0	0	0	17	2	0	0	1	0	2	1	99	96	1	57
YQE_01145	1932	1725	1539	1336	1369	1323	1306	1209	1153	1118	1136	1077	1052	1159	1596	971	1295
YQE_02397	6950	819	704	628	539	603	758	618	545	519	370	446	444	471	746	579	572
YQE_04996	3717	370	255	246	264	264	308	260	211	304	415	284	225	266	362	264	337
YQE_04997	1446	1832	1407	1631	2016	1664	1812	1507	1295	1703	3608	2740	1703	2318	2479	2407	3042
YQE_04998	1095	113	43	27	42	31	31	31	20	22	119	37	35	36	42	32	37
YQE_04999	837	62	19	17	22	10	21	22	15	21	84	12	9	16	18	9	12
YQE_05000	438	14	13	8	11	2	10	8	8	6	20	9	4	6	4	6	7
YQE_05001	2996	2898	2010	3256	4515	2534	3193	1766	1936	3709	5359	5043	4535	5083	5699	4847	6017
YQE_05002	1562	2	2	2	4	18	11	6	6	4	2	1	1	63	80	6	49
YQE_05003	1089	2	0	2	0	18	6	1	1	2	1	0	0	85	71	2	57
YQE_01046	592	40	22	22	24	16	24	17	17	25	60	19	11	51	40	27	30
YQE_01047	871	64	37	55	59	28	37	35	33	145	127	112	67	76	78	73	76
YQE_01048	468	95	38	41	43	42	35	34	36	71	120	63	52	81	65	56	78
YQE_01049	468	114	80	49	73	42	47	49	45	89	157	92	68	89	99	79	105
YQE_01050	628	362	309	231	291	323	300	286	191	255	379	283	203	330	339	318	436
YQE_01051	1446	492	379	318	376	278	308	322	267	438	566	467	329	357	536	347	474
YQE_01067	366	3	2	0	1	2	1	0	0	0	0	2	0	2	0	2	2
YQE_01068	2352	11	0	4	6	3	5	4	5	7	10	12	4	9	6	3	4
YQE_01563	1657	1726	1231	1232	1409	1263	1178	1126	969	1035	1349	1176	905	1272	1389	1176	1414
YQE_01564	858	634	483	494	493	365	402	367	259	402	508	437	318	435	512	453	560
YQE_01565	1551	593	377	339	363	322	307	372	253	332	545	413	270	302	417	316	436
YQE_01566	1675	615	406	431	532	410	485	366	283	561	901	579	409	656	685	714	837
YQE_01567	11030	614	420	423	528	483	562	399	360	517	908	609	495	606	647	684	822
YQE_01568	881	111	87	55	51	61	65	46	60	64	97	62	40	76	68	58	74
YQE_01569	1289	111	61	75	66	54	61	46	63	99	126	98	71	99	110	83	87
YQE_03901	579	0	2	1	1	0	2	0	0	0	0	0	0	1	0	0	1
YQE_00076	132	37	37	17	27	57	25	12	18	37	46	26	35	39	49	31	52
YQE_00077	195	0	0	1	0	2	0	0	0	0	0	3	1	0	2	4	2
YQE_02324	306	0	0	0	0	0	0	1	0	0	0	0	0	1	4	0	0
YQE_00141	1596	49	12	3	18	15	10	5	6	31	50	11	20	34	15	23	20
YQE_01515	1630	3840	3205	2441	2944	2315	2247	2824	2200	1747	1590	1576	1246	1944	2559	1702	1714
YQE_01516	902	1889	1874	1250	1516	1586	1494	1754	1228	1101	1450	1487	1095	1406	1621	1261	1877
YQE_05677	270	1	2	4	0	1	0	1	3	6	4	4	2	0	0	1	1
YQE_05678	225	30	20	21	15	16	9	15	11	30	35	22	5	15	30	14	20
YQE_05679	261	20	15	16	18	9	8	14	13	25	22	11	7	15	27	16	28
YQE_05680	363	167	130	148	153	88	116	98	93	186	172	153	111	156	153	129	217
YQE_01110	510	2	2	2	2	4	4	1	2	2	4	2	4	5	17	13	11
YQE_00729	633	48	36	18	33	105	81	87	70	32	44	39	48	98	109	72	103
YQE_09919	1533	75	39	21	18	17	12	6	9	77	147	21	34	39	37	24	51
YQE_09920	2779	2308	2079	1239	2253	2021	1328	1951	928	2017	1787	1912	2130	3160	2502	1237	4702
YQE_09921	844	15	14	19	14	12	68	14	6	22	36	37	27	55	265	101	152
YQE_09922	783	757	845	538	705	1020	993	1037	772	391	235	368	329	365	412	425	558
YQE_09923	496	1	0	0	1	4	4	2	1	1	0	0	0	6	4	1	6
YQE_09924	2682	561	995	389	867	627	245	560	219	715	609	818	660	1554	1488	428	1823
YQE_02308	570	0	0	0	0	0	0	0	0	0	0	0	0	0	0	0	0
YQE_00231	366	34	27	39	31	39	33	26	21	35	43	43	23	39	45	29	58
YQE_03145	342	0	0	0	0	0	1	1	0	0	0	0	0	0	0	0	0
YQE_03146	759	2317	3737	8629	1791	4252	2674	4490	2762	12	16	10	3	47	112	18	98
YQE_03147	759	1609	2957	8491	2505	1332	820	2171	920	73	48	1	2	40	45	22	36
YQE_03148	964	83450	82410	75792	59661	111006	111997	84047	78518	12421	8867	15130	14272	34910	32805	29214	24095
YQE_01143	545	1	2	2	0	77	102	78	53	16	1	1	1	59	118	77	62
YQE_03340	1893	40	29	15	34	20	14	5	12	39	101	45	42	36	29	14	35
YQE_03341	1291	281	235	159	324	181	255	134	219	235	399	428	249	507	455	385	545
YQE_03342	1314	119	67	64	80	74	67	54	66	82	100	92	71	124	102	80	101
YQE_03343	3412	1287	1086	969	920	732	687	547	533	820	1196	1157	715	922	886	843	897
YQE_03344	1428	12797	11745	9382	10727	8890	9601	8781	6655	11955	13972	14866	12786	12333	12778	11252	12841
YQE_03345	1933	1753	1441	1262	1315	982	830	949	704	983	1043	1169	855	1052	1099	938	1187
YQE_03346	339	43	19	21	21	20	18	21	17	30	50	33	25	24	25	29	47
YQE_03347	5508	474	281	316	305	282	391	304	293	343	659	372	265	515	570	366	605
YQE_03348	282	32	23	23	24	28	45	36	28	32	49	29	23	56	53	30	53
YQE_03349	669	0	0	0	0	0	0	0	0	0	0	0	0	0	0	0	0
YQE_03350	261	0	0	0	0	0	0	0	0	0	0	0	0	0	0	0	0
YQE_04690	3696	155	25	19	19	33	26	18	13	39	209	27	34	65	71	34	41
YQE_04691	1052	898	810	653	780	841	669	688	506	728	780	903	645	1075	1107	959	1367
YQE_04692	360	1	0	0	2	1	1	0	0	1	3	0	0	2	4	2	2
YQE_04693	2823	28	14	14	21	17	12	22	10	9	30	10	4	18	22	14	22
YQE_04202	1367	165	120	64	93	172	234	225	143	101	149	70	48	274	269	192	259
YQE_04203	2152	229	102	91	81	102	101	95	67	88	300	87	75	111	108	102	133
YQE_04204	575	5	1	1	0	0	0	0	3	2	7	2	0	0	5	0	1
YQE_04205	3179	1	0	1	0	1	0	1	1	1	1	1	0	5	1	0	2
YQE_04206	1212	8264	7157	5805	6629	5104	4757	5366	4138	3469	2775	3140	2744	2998	4014	2674	3236
YQE_04207	1559	273	212	239	313	192	258	195	159	324	289	272	280	334	470	320	387
YQE_04208	5238	2418	1534	1452	1688	1659	1824	1560	1405	1613	2743	1686	1439	2061	2323	1888	2480
YQE_04209	1743	7	12	17	7	9	14	10	5	17	12	10	3	16	26	19	22
YQE_01036	432	0	0	0	0	0	1	0	0	0	3	0	0	0	0	0	0
YQE_00707	1416	75	34	51	44	21	44	37	24	48	87	57	47	45	57	46	71
YQE_00708	342	4	1	2	3	3	3	5	6	5	8	6	3	3	4	2	5
YQE_00763	1332	92	62	59	43	34	43	43	27	40	85	44	39	38	33	32	55
YQE_09533	7643	2121	1669	1799	2142	1463	1383	1748	1326	1608	2098	1786	1315	1727	1832	1491	2119
YQE_09534	609	251	213	222	261	212	204	232	125	213	341	334	178	274	329	273	350
YQE_09535	828	188	141	90	106	172	171	225	160	56	145	40	26	78	64	41	66
YQE_07760	717	2030	1840	1404	1786	1766	1628	1785	1192	1158	1521	1332	869	1152	1307	1125	1389
YQE_07761	1782	387	173	168	146	146	184	112	102	218	460	207	173	223	222	166	247
YQE_07762	1174	2362	1734	1305	1559	1675	2060	1474	1704	726	1132	938	894	1043	1280	849	1152
YQE_07763	1251	206	162	92	105	119	84	82	74	89	200	93	85	125	114	105	141
YQE_07764	498	71	45	47	52	50	49	29	42	34	67	43	32	50	47	60	49
YQE_07765	639	2	1	1	0	0	1	0	0	5	0	0	3	1	0	1	3
YQE_07766	1287	3	2	3	1	4	1	1	0	3	2	1	1	2	1	1	1
YQE_07767	525	3	0	0	1	0	0	3	2	3	1	2	3	2	1	1	3
YQE_07768	675	3	2	4	2	4	4	4	0	5	11	4	2	7	13	3	7
YQE_07769	270	1	0	0	2	0	1	2	0	1	1	1	0	1	2	3	1
YQE_07770	684	4	6	0	1	5	4	0	0	4	7	5	1	0	0	2	3
YQE_07771	486	1	5	2	3	3	3	3	3	9	7	7	0	3	4	1	6
YQE_07772	744	6	7	3	4	6	4	5	6	10	17	8	5	9	3	4	10
YQE_07773	1008	295	183	149	188	147	139	164	124	150	242	145	83	189	227	151	160
YQE_07774	642	1	3	1	3	2	1	1	2	2	4	2	0	1	2	2	4
YQE_07775	1064	467	377	353	348	440	453	423	302	352	452	406	361	417	462	322	449
YQE_07776	846	1088	936	736	875	815	888	781	601	706	797	705	660	805	856	712	944
YQE_07777	1540	13	10	7	7	7	3	7	1	6	10	4	4	21	14	7	11
YQE_07778	1659	503	365	314	379	363	371	352	261	328	476	377	269	358	452	369	503
YQE_07779	1173	7	4	2	10	4	1	2	2	15	8	4	0	8	7	2	9
YQE_07780	1070	221	230	207	209	229	180	201	199	191	204	220	165	304	317	175	259
YQE_07781	894	88	47	70	71	54	79	45	47	106	129	77	74	96	107	79	114
YQE_07782	1524	139	83	117	91	83	118	75	88	172	239	130	127	177	176	138	160
YQE_07783	870	264	180	171	209	231	174	191	148	189	276	205	139	210	244	191	223
YQE_07784	831	198	180	166	154	144	134	135	83	154	185	174	117	167	167	131	189
YQE_07785	1072	223	250	98	236	279	68	206	32	133	142	164	169	261	294	80	401
YQE_01222	1008	0	0	0	0	2	0	0	0	0	0	0	0	7	7	0	3
YQE_04931	1710	4	1	4	285	1	2	8	3	0	27	1	3	0	0	11	1
YQE_04932	894	702	537	488	701	655	559	536	399	487	585	517	451	604	655	566	745
YQE_04933	1552	1439	1305	1268	1773	1367	1286	1296	856	1215	1369	1414	1241	1563	1592	1622	1913
YQE_04934	444	0	0	0	0	0	0	0	0	8	3	0	0	0	7	0	0
YQE_04935	483	0	0	0	0	0	0	0	0	4	5	0	0	0	0	0	0
YQE_04936	851	0	0	0	0	18	0	0	0	0	0	0	0	60	91	0	36
YQE_04937	447	0	0	0	0	0	0	0	0	0	0	0	0	0	0	1	0
YQE_04938	615	0	0	0	0	1	0	0	0	1	1	0	1	1	1	0	1
YQE_04939	1595	21	12	14	11	24	28	16	11	20	54	26	17	43	75	18	22
YQE_04940	447	0	0	0	0	0	0	0	1	1	0	0	0	0	2	0	1
YQE_04941	796	5991	4841	5608	7125	4935	4860	3943	3469	4887	4132	4902	4306	3906	4529	4683	4534
YQE_04942	873	0	0	1	0	20	2	0	0	0	0	2	0	113	123	1	76
YQE_04943	1572	19	14	21	12	6	9	11	10	29	40	30	14	23	36	21	24
YQE_04944	1594	450	315	277	400	321	321	304	227	304	427	242	264	314	315	300	393
YQE_04945	690	145	91	64	74	73	71	65	41	68	175	98	87	95	95	69	96
YQE_04946	816	109	82	73	61	55	60	51	38	75	149	80	47	73	76	77	79
YQE_04947	2096	4379	3136	2854	3125	2053	2114	2517	2025	6648	15388	11647	6021	8077	10401	8917	16504
YQE_04948	1727	675	526	498	609	518	541	551	422	889	1037	784	654	840	1006	729	968
YQE_04949	2148	149	105	87	136	72	68	55	60	127	172	95	72	112	134	92	113
YQE_04950	774	440	345	290	337	358	447	282	292	225	297	224	215	263	243	225	274
YQE_04951	1958	32475	37312	27230	37519	39891	50330	34521	43090	6283	5779	8745	12365	17861	14395	13951	8599
YQE_04952	902	40	16	16	33	31	37	13	40	25	30	14	28	63	34	15	29
YQE_04953	1351	7	5	9	13	7	18	2	1	1842	4	10	6	8	6	8	13
YQE_04954	756	456	307	321	479	400	335	331	246	517	793	571	506	667	642	675	881
YQE_04955	1126	1298	1189	930	978	1038	987	900	776	981	1271	1201	793	1161	1256	1182	1479
YQE_04956	1157	271	158	105	213	183	188	143	107	121	287	118	145	157	152	149	200
YQE_04957	924	43	19	23	17	16	22	23	13	35	51	24	19	33	31	23	33
YQE_04958	1551	848	614	569	760	801	699	654	562	512	782	567	521	803	786	701	998
YQE_04959	1464	30	9	72	71	694	1699	692	415	637	579	764	756	12774	12091	11153	23711
YQE_04960	1716	1733	2386	1192	1398	8244	5309	5308	4583	121	337	362	86	1413	1329	998	1572
YQE_04961	830	53	30	47	71	57	98	51	55	124	63	82	73	92	111	87	120
YQE_04962	2046	4	0	1	0	6	1	0	1	0	3	1	3	18	52	1	21
YQE_04963	1402	482	184	144	140	179	168	117	78	408	1745	700	344	652	529	377	1039
YQE_04964	2451	420	243	286	343	254	319	207	192	365	565	370	340	415	435	387	497
YQE_04965	1268	629	578	436	580	491	483	454	363	505	656	602	493	617	670	527	744
YQE_04966	2006	912	705	573	697	682	592	590	493	664	1086	830	644	887	899	747	1156
YQE_04967	498	315	205	212	262	184	207	231	221	151	118	114	97	161	240	157	120
YQE_04968	1572	282	164	120	143	139	128	110	91	149	368	124	116	164	152	136	191
YQE_04969	1216	754	656	501	665	534	615	699	651	297	359	307	221	464	555	369	320
YQE_04970	1371	14	7	8	7	4	10	6	6	23	21	7	2	16	15	15	8
YQE_04971	1635	1671	1309	1182	1789	1528	1458	1389	1136	2025	2090	1819	1431	1740	1970	1851	2662
YQE_04972	912	0	1	0	0	0	1	0	0	0	1	0	0	0	0	0	1
YQE_00014	813	7	7	3	3	7	1	2	3	16	9	5	5	5	15	3	4
YQE_00909	1703	0	0	0	0	37	0	1	0	1	0	0	0	187	181	0	116
YQE_04683	798	19	7	15	11	20	17	18	18	11	17	13	11	19	15	11	11
YQE_10115	1243	0	7	0	1	1	2	1	1	4	4	3	1	2	3	4	2
YQE_10116	927	210	127	99	92	121	105	108	86	120	233	118	124	109	141	121	168
YQE_10117	1733	2072	1748	1383	1672	1654	1622	1654	1227	1801	2023	1886	1576	1768	2124	1683	2439
YQE_10118	3370	2827	2352	2775	3604	3485	3326	3608	2353	4250	3800	3881	4216	4556	6990	4250	5923
YQE_10119	1409	282	234	145	251	180	136	178	137	243	337	202	180	177	243	148	240
YQE_10120	1386	593	353	325	353	315	263	253	244	674	841	474	349	340	439	390	439
YQE_10121	3507	3	0	5	2	0	2	1	0	9	9	1	1	1	15	0	6
YQE_10122	1521	2	3	8	6	6	11	2	5	6	5	6	4	8	9	7	5
YQE_10123	687	1	0	0	0	0	0	0	0	0	0	0	1	0	0	0	1
YQE_10124	1212	226	144	136	128	213	221	169	157	102	104	98	60	128	168	148	148
YQE_10125	330	158	134	89	73	88	101	48	43	177	138	136	70	90	159	108	138
YQE_10126	997	163	98	91	120	83	131	93	68	138	236	150	121	158	188	134	185
YQE_10127	2212	1698	1885	1429	1620	2154	1642	1898	1265	1249	892	1218	1436	2206	2171	957	2400
YQE_10128	888	2	2	1	4	6	0	0	1	1	1	0	1	7	27	0	13
YQE_10129	546	634	504	367	562	533	447	522	350	292	377	342	267	374	483	304	440
YQE_10130	648	507	444	338	477	363	299	368	204	263	290	281	151	307	356	243	374
YQE_10131	1746	689	404	409	413	481	471	493	378	564	583	425	360	473	654	385	532
YQE_10132	8025	3449	2361	2449	2806	2399	2307	2557	1911	2906	2568	2522	1445	2408	2997	2120	2983
YQE_10133	1232	274	162	129	187	134	134	135	91	189	429	188	218	228	236	220	276
YQE_10134	941	332	293	245	290	298	294	303	223	245	227	206	224	238	307	222	297
YQE_10135	838	153	64	47	54	84	92	38	46	57	164	60	49	118	132	57	94
YQE_10136	693	196	148	120	105	129	134	127	102	121	185	122	102	152	203	141	200
YQE_10137	1526	699	629	466	717	487	519	651	399	951	1310	968	770	751	923	775	973
YQE_10138	1823	296	223	191	217	164	219	154	132	257	328	255	213	295	327	318	379
YQE_10139	1092	317	237	243	304	193	213	219	187	272	273	289	194	300	299	270	301
YQE_10140	1629	3	3	2	0	3	0	1	0	2	2	2	1	1	1	0	0
YQE_10141	5660	26	29	18	51	73	6	6	6	73	18	12	83	59	49	33	82
YQE_10142	1021	1	0	0	1	0	0	0	0	0	1	0	0	1	0	1	0
YQE_10143	1849	4792	4205	5463	7368	5830	5907	4218	3478	9005	6012	7383	8110	7442	7841	6797	8071
YQE_10144	795	0	0	0	0	0	0	0	1	1	1	0	0	2	1	0	0
YQE_10145	585	257	153	201	228	238	242	178	170	201	260	153	166	213	194	181	253
YQE_10146	2355	118	67	101	105	89	102	82	67	108	161	90	85	96	101	73	135
YQE_10147	546	145	86	105	126	120	121	88	70	105	188	81	75	86	76	78	127
YQE_10148	2640	964	550	659	814	605	595	572	516	633	1117	568	452	644	601	642	753
YQE_10149	2046	502	452	497	488	531	600	499	489	497	332	455	340	511	642	418	531
YQE_10150	426	72	75	72	78	72	75	81	67	69	54	71	48	72	104	73	68
YQE_10151	213	21	19	24	24	27	20	24	24	18	16	14	12	21	34	20	26
YQE_10152	2295	87	149	47	123	64	23	45	11	109	112	94	193	343	216	38	209
YQE_10153	1925	565	392	263	423	233	200	209	170	259	717	281	284	559	370	342	500
YQE_10154	2904	529	84	41	39	30	44	26	22	81	541	75	29	69	80	45	102
YQE_10155	920	176	70	54	101	59	63	60	51	84	171	77	63	93	101	81	110
YQE_10156	267	5	5	4	4	5	9	4	2	3	10	3	0	6	8	2	3
YQE_10157	903	5	4	1	1	9	3	3	2	5	7	12	1	6	16	6	12
YQE_10158	1009	0	1	2	0	11	0	0	3	1	8	3	4	1	5	2	2
YQE_10159	482	0	0	0	0	0	1	0	1	0	0	1	0	0	0	0	0
YQE_10160	3312	3843	1099	729	739	581	782	496	519	936	5925	888	707	925	953	774	958
YQE_10161	2151	172	103	57	97	94	115	98	67	112	225	127	109	138	147	108	136
YQE_10162	1419	2342	1831	1625	1858	1821	1856	1700	1410	1699	1829	1637	1487	1721	2184	1585	1778
YQE_10163	729	234	56	65	173	132	241	90	133	61	121	110	157	425	365	388	394
YQE_07356	1035	0	0	0	0	0	0	0	0	0	0	0	0	0	0	0	0
YQE_07357	390	0	0	0	0	0	0	0	0	0	0	2	0	0	5	0	0
YQE_07358	285	2	0	0	0	0	0	0	0	0	0	0	0	0	1	0	0
YQE_07359	1312	30120	29626	21234	25809	5670	6303	4248	4522	485	605	1060	1057	234	80	185	183
YQE_07360	548	5140	4678	2444	2884	5402	4657	4749	3826	2735	2490	3004	3043	2659	3757	2418	3240
YQE_07361	5865	707	558	462	1183	796	1009	708	1089	692	636	1070	822	902	631	655	561
YQE_07362	1759	889	530	377	326	275	462	237	424	666	1486	592	782	1626	801	698	1691
YQE_07363	2964	112824	125535	89108	101322	114383	131216	70497	100767	8690	10755	21337	21754	18926	13782	20995	15013
YQE_01333	726	10	2	2	9	2	6	8	4	7	13	3	1	4	9	9	5
YQE_02672	6636	160	127	106	149	112	137	109	89	258	264	253	217	240	281	231	287
YQE_11992	150	103	57	80	79	130	111	102	74	54	115	63	41	94	115	92	94
YQE_11993	4083	1240	851	844	866	1202	1215	1173	1104	682	1064	642	414	1213	1371	1047	1279
YQE_11994	312	87	68	74	45	56	66	86	64	59	102	42	15	83	94	64	95
YQE_11995	6663	511	345	301	371	413	444	368	323	375	544	377	323	421	511	332	505
YQE_11996	384	438	264	240	285	261	320	251	249	315	459	306	260	282	389	275	434
YQE_00351	825	10	9	13	7	2	3	7	2	11	16	4	5	12	9	7	12
YQE_05721	1060	150658	140691	93641	100659	120434	111653	109446	112965	16048	10316	11381	12898	28988	32914	19904	20834
YQE_05722	597	0	0	0	0	0	0	0	0	2	0	0	0	0	0	0	0
YQE_05723	846	1	1	1	0	3	3	1	6	9	5	6	4	5	11	2	6
YQE_00039	339	196	111	99	149	107	111	93	78	190	211	204	114	227	215	184	227
YQE_04717	362	40	36	56	62	65	112	53	67	85	220	167	154	130	119	155	162
YQE_00466	255	933	920	622	871	1086	1458	1178	1024	368	247	465	607	1462	1613	1468	1490
YQE_00445	423	3	2	5	3	13	12	8	9	5	5	3	2	17	22	12	11
YQE_01731	1301	9	6	1	0	3	4	5	0	7	12	6	5	13	18	2	12
YQE_01732	1557	341	288	341	305	328	431	360	298	251	179	230	175	333	480	323	390
YQE_01733	321	0	0	1	0	0	4	0	0	2	1	0	0	0	1	0	0
YQE_01734	1668	541	357	256	346	230	241	324	216	277	554	270	172	221	308	206	294
YQE_00666	1601	105	90	63	79	73	79	54	58	77	64	84	73	96	90	52	91
YQE_00667	1388	410	374	270	423	419	390	303	287	254	336	339	305	368	333	325	393
YQE_00668	1187	116	93	61	97	72	67	86	71	75	109	89	63	104	108	98	113
YQE_00669	402	67	40	50	66	43	47	52	26	32	20	7	9	9	32	19	31
YQE_00406	441	8	11	4	6	10	11	5	3	12	7	8	10	12	7	7	19
YQE_02608	827	0	0	0	0	5	1	0	0	0	0	0	0	26	30	0	15
YQE_02535	435	1	0	0	1	3	6	2	1	0	0	0	0	12	11	8	9
YQE_00998	1079	0	0	0	0	251	236	209	158	24	0	1	0	316	332	226	259
YQE_00469	2524	2282	1669	1326	1549	1311	1826	2114	1761	619	530	589	398	318	491	279	379
YQE_00470	951	144	103	108	108	98	110	92	72	124	162	131	102	132	140	103	157
YQE_00471	3687	373	304	288	334	193	234	204	221	352	557	341	257	364	403	354	419
YQE_00472	1228	302	146	126	164	113	121	128	97	113	309	126	94	128	148	107	160
YQE_00473	1554	58	31	17	34	25	23	15	18	18	64	36	24	35	46	19	29
YQE_01291	738	1196	1069	742	1069	947	1045	1230	731	615	395	525	508	747	803	545	855
YQE_01715	2481	1	0	0	0	3	6	1	3	0	0	0	1	24	20	0	16
YQE_02986	569	0	0	0	0	0	0	0	0	0	4	2	1	3	1	2	2
YQE_02987	1314	10	0	8	8	80	174	63	46	34	12	15	5	1434	2489	1183	3707
YQE_01313	228	1	0	0	0	0	1	0	0	0	0	0	0	0	0	1	0
YQE_03351	451	0	0	0	0	0	0	0	0	2	0	0	0	0	1	0	0
YQE_03352	192	25	56	19	54	30	9	14	11	35	43	51	45	87	39	19	93
YQE_03353	882	373	288	293	501	1265	1160	907	1341	35	59	47	36	110	89	136	150
YQE_03354	509	460	300	292	380	318	365	242	308	590	1047	968	629	933	902	862	1275
YQE_03355	402	4	1	3	4	2	14	4	5	11	22	20	6	26	30	12	29
YQE_01495	1554	67	41	37	34	224	165	208	124	44	45	27	24	268	239	185	274
YQE_02769	6231	901	698	764	792	722	707	601	541	786	880	753	611	912	981	768	1060
YQE_02770	2099	1935	1492	1218	1587	1321	1248	1543	1063	1388	1926	1445	929	1377	1671	1467	1659
YQE_02771	1627	473	353	265	351	315	254	373	259	379	421	359	237	328	376	323	379
YQE_01383	1227	17	13	18	28	45	46	33	25	33	6	17	9	28	42	31	33
YQE_02713	684	0	0	0	0	0	1	1	2	0	0	0	0	2	9	2	4
YQE_02714	816	0	0	0	0	0	0	0	0	0	0	0	0	1	1	0	1
YQE_02715	267	0	0	0	0	0	0	0	0	0	0	0	0	3	1	2	0
YQE_02716	504	122	75	69	80	44	67	62	51	68	132	85	76	98	107	81	120
YQE_02717	1057	14044	11227	8159	12726	8065	7691	7706	6485	9951	12921	12214	11472	8569	8612	7108	9865
YQE_02718	1395	27	6	0	1	0	0	0	0	9	27	0	0	0	0	0	0
YQE_02719	417	0	1	0	0	0	0	0	0	2	2	0	0	0	0	0	0
YQE_09361	312	6	5	6	5	11	11	14	10	3	8	2	5	9	7	2	12
YQE_09362	1041	9	4	6	8	11	16	17	13	19	8	12	7	15	30	18	20
YQE_09363	366	0	0	0	0	0	0	0	0	0	1	0	0	0	0	0	0
YQE_09364	651	0	0	0	0	3	1	0	0	1	2	0	1	0	0	0	0
YQE_09365	2288	106	56	96	95	185	240	151	156	373	224	280	322	554	820	253	492
YQE_09366	2467	948	566	531	637	483	537	527	413	524	779	521	389	490	535	459	591
YQE_09367	489	284	179	192	221	226	187	201	138	156	246	197	118	184	199	135	193
YQE_05029	1224	89	11	4	7	19	31	6	20	28	124	19	22	54	118	39	87
YQE_05030	800	273	210	195	250	276	292	228	175	344	373	349	301	545	704	456	645
YQE_05031	1387	521	407	361	486	549	541	468	369	468	503	474	406	697	802	610	924
YQE_05032	162	2	2	1	3	2	8	2	2	1	7	3	1	14	12	4	17
YQE_05033	1395	108	22	21	6	31	44	11	15	47	160	45	28	72	150	54	89
YQE_05034	749	191	145	132	133	178	182	135	117	287	272	244	202	349	473	253	371
YQE_05035	907	316	242	200	253	392	404	340	260	243	297	275	221	489	503	451	582
YQE_01442	684	112	84	75	92	155	150	132	114	50	71	67	69	156	122	114	154
YQE_01140	1122	563	1087	249	1310	137	17	290	6	770	457	411	345	629	179	66	885
YQE_01211	294	15	9	4	6	7	14	6	3	11	11	8	6	12	12	3	14
YQE_01212	1757	236	169	130	194	198	156	158	155	110	186	109	121	145	171	147	162
YQE_01213	893	112	66	59	77	84	79	88	67	69	98	70	49	51	86	68	90
YQE_09562	1010	190	113	87	129	201	192	143	144	82	178	84	79	189	205	136	179
YQE_09563	1135	5052	5118	4166	4044	4167	4454	4627	3169	4802	3776	5045	3602	5380	6786	4881	5765
YQE_00931	1365	0	0	0	1	0	0	0	0	1	2	0	0	1	1	1	0
YQE_00224	893	617	428	421	744	626	349	400	183	572	695	626	738	686	582	560	909
YQE_02113	2448	712	430	441	461	443	499	403	371	371	657	413	341	426	460	420	512
YQE_02114	807	1264	983	903	1048	1104	1168	1055	793	1001	1245	1210	812	1182	1529	1197	1611
YQE_02115	2985	199	106	102	126	104	113	104	77	148	298	148	135	165	275	113	194
YQE_02116	1278	126	35	15	28	15	20	18	11	37	64	25	9	44	41	34	42
YQE_02117	1866	7	3	6	5	7	9	16	8	8	3	1	1	2	7	4	5
YQE_02118	225	0	0	0	0	0	0	0	0	0	0	0	0	0	0	0	0
YQE_02119	2810	6752	6102	4828	6058	8884	7924	8894	6317	4719	4586	5103	4351	6154	10180	6921	9011
YQE_02120	1296	495	346	293	371	397	293	337	253	365	599	314	532	390	656	349	651
YQE_02121	3730	3462	3064	2557	2956	4340	3703	4205	2970	1032	973	866	857	1144	2439	956	1961
YQE_02122	1326	238	97	98	98	124	135	111	93	128	250	92	77	119	132	78	114
YQE_02123	860	1	0	6	2	43	1	0	2	2	1	0	0	210	228	0	156
YQE_02124	237	16	15	8	18	15	21	12	16	16	35	9	14	16	19	14	18
YQE_02125	1023	12	10	6	13	13	15	10	12	4	1	1	0	7	5	5	3
YQE_02126	1407	11535	11307	8079	10109	10516	9875	11328	7704	4359	3780	4794	4044	4565	5166	4405	6161
YQE_02127	606	155	94	100	105	74	82	69	59	103	187	103	96	118	130	89	133
YQE_02128	909	323	187	220	216	196	204	152	137	154	301	161	166	163	180	164	260
YQE_02129	748	41	17	14	18	8	8	15	11	23	42	12	10	13	25	9	19
YQE_02130	729	7	2	2	5	3	5	2	3	14	12	4	7	4	8	8	7
YQE_02131	10290	189304	203404	123589	129808	43965	62295	76929	72748	41888	76522	67154	57817	69832	54328	37157	58120
YQE_02132	1793	574	316	268	287	276	263	258	215	370	684	339	307	337	382	310	404
YQE_02133	1630	15160	14208	11570	13876	13817	14442	12785	8818	14905	16113	16925	14707	16111	17707	14011	18057
YQE_02134	1820	232	106	103	316	47	140	106	123	194	450	216	238	253	308	220	242
YQE_02135	1055	25382	19504	12347	24030	23461	28028	31592	28821	1645	1104	2144	1032	1584	709	1189	863
YQE_02136	1302	136	20	1	1	5	1	1	2	2	300	0	0	2	4	1	4
EMDPOG00000000298	73	0	0	0	0	0	0	0	0	0	0	0	0	0	0	0	0
YQE_02137	3474	481	296	309	413	323	311	276	212	361	498	279	283	344	403	432	406
YQE_02138	1126	122	50	19	27	125	42	19	21	210	138	50	48	259	187	64	188
YQE_02139	4671	1331	944	878	1107	757	824	756	607	1020	1626	1119	757	1333	1233	1159	1436
YQE_02140	2640	563	471	403	529	504	460	414	368	463	603	497	363	552	656	482	757
YQE_02141	631	101	75	48	79	56	71	73	67	65	96	59	59	63	90	65	83
YQE_02142	5169	550	335	312	351	297	309	314	259	341	571	347	242	387	442	342	437
YQE_02143	1071	683	370	272	340	232	263	259	205	215	827	268	199	274	273	253	334
YQE_02144	1152	205	129	166	212	100	139	77	104	356	615	474	383	531	472	392	629
YQE_02145	2019	322	193	236	227	184	188	161	125	328	462	334	280	344	383	290	417
YQE_02146	1048	35	6	18	6	12	14	6	14	59	126	86	51	56	57	37	105
YQE_02147	496	703	572	473	560	597	530	589	435	515	712	497	485	515	616	493	726
YQE_02148	1277	189	81	89	80	72	87	58	70	115	276	111	132	163	201	123	190
YQE_02149	2295	944	657	681	807	566	653	543	532	608	906	710	582	950	967	826	957
YQE_02150	882	131	107	68	110	84	98	82	79	75	140	95	86	93	128	71	105
YQE_02151	2095	4175	1420	845	1092	840	906	1036	654	1232	6067	1207	961	1166	1350	935	1237
YQE_02152	1507	6365	5947	4371	5484	5080	4850	5258	3605	4007	4560	4958	3768	4877	5367	4360	6098
YQE_02153	1678	368	230	143	109	107	166	79	102	96	200	67	13	50	63	44	35
YQE_02154	1144	85	58	57	70	48	46	52	43	58	74	49	50	60	91	50	73
YQE_02155	7129	5634	4901	5688	6466	8810	8482	7834	6344	5429	3365	4939	3919	5108	7742	6073	8324
YQE_02156	417	3	0	0	1	1	0	1	0	1	54	0	0	0	0	0	0
YQE_02157	1089	2	1	1	0	0	1	0	0	3	87	0	0	0	0	0	0
YQE_02158	720	1104	600	245	328	38	95	349	115	5	78	0	2	9	5	3	18
YQE_02159	2689	65	47	13	29	9	10	38	10	73	36	12	9	28	10	12	85
YQE_02160	1388	424	287	255	349	297	312	282	249	255	420	276	255	353	387	337	407
YQE_02161	2717	2285	1826	1711	1735	1575	2167	2026	1548	2958	2665	3107	2864	3003	4257	2419	2921
YQE_02162	2750	388	275	201	315	321	353	343	264	193	251	239	177	422	280	328	379
YQE_02163	4180	2766	1722	1610	1945	1586	1643	1586	1247	1716	2766	1706	1588	1988	1970	1887	2130
YQE_02164	1180	2695	2090	1115	2393	876	1087	768	613	380	1017	973	433	1695	1478	1727	1838
YQE_02165	720	151	146	51	177	86	79	66	53	59	52	70	30	127	176	64	224
YQE_02166	386	7	0	0	1	0	0	0	0	12	5	0	1	0	0	1	2
YQE_02167	1347	144	102	78	121	100	84	84	89	75	155	64	66	77	93	78	108
YQE_02168	3069	602	375	399	409	334	312	341	261	622	826	538	526	696	716	647	802
YQE_02169	1133	551	495	372	1215	331	609	178	346	341	659	672	1362	546	1514	954	2374
YQE_02170	1122	73	16	13	14	16	10	7	6	25	136	7	8	13	19	11	20
YQE_02171	1687	632	406	344	381	313	285	339	281	325	685	348	309	360	475	353	504
YQE_02172	3052	480	262	298	257	283	298	232	262	401	688	371	264	451	539	403	453
YQE_02173	543	0	0	0	0	0	0	0	0	1	0	0	0	0	0	0	0
YQE_02174	1990	28	12	1	1	129	5	1	12	11	138	15	1	2	24	3	21
YQE_02175	3039	0	0	0	0	33	1	1	0	3	2	0	0	219	194	0	83
YQE_02176	1320	388	155	92	124	108	97	129	78	92	443	96	48	106	172	98	171
YQE_02177	2345	84	34	45	41	62	56	47	33	50	83	45	32	82	97	34	67
YQE_02178	609	4	1	1	2	0	0	1	0	5	3	1	0	1	2	0	1
YQE_04697	1593	120	63	63	68	38	38	60	38	84	110	87	79	46	61	40	71
YQE_04698	1106	22587	28026	27135	19135	26471	20635	12904	9069	367	190	169	484	724	1188	1815	1545
YQE_01358	2595	230	135	115	132	173	184	167	111	135	256	137	129	229	241	152	250
YQE_06450	279	0	0	0	0	0	0	0	0	0	0	0	0	0	0	0	0
YQE_06451	200	1299	1252	560	761	1336	1227	1162	938	404	319	417	441	361	599	293	475
YQE_06452	258	19	17	5	14	16	17	10	9	8	3	13	4	2	16	3	9
YQE_04895	204	12	7	6	26	178	169	113	67	12	16	9	4	123	41	53	74
YQE_04896	408	106	52	67	94	73	71	63	68	197	226	191	123	180	183	200	279
YQE_04897	399	8	9	6	16	29	18	16	11	51	31	37	23	57	125	91	154
YQE_04898	1228	456	459	431	455	1526	1276	531	544	239	227	460	531	756	491	704	489
YQE_04899	378	375	214	228	296	404	457	391	390	281	223	215	214	285	378	298	386
YQE_04900	1119	947	675	715	881	1055	1093	1103	1101	766	642	731	714	859	1124	928	1194
YQE_04901	1974	199	81	73	70	76	121	87	101	144	326	126	113	207	244	145	324
YQE_04902	1827	1721	774	721	858	751	848	678	620	759	2218	824	783	1063	1050	1056	1188
YQE_04903	951	180	149	117	114	106	125	112	114	142	181	123	97	174	195	144	189
YQE_04904	918	122	68	66	77	74	83	107	85	91	87	70	51	126	149	72	151
YQE_04905	1527	475	312	311	288	350	402	388	348	352	444	335	272	457	591	309	519
YQE_00815	414	6	3	4	2	7	1	1	1	3	4	2	1	5	1	4	2
YQE_04574	780	1	1	2	5	4	3	0	0	6	4	1	2	2	2	2	3
YQE_11252	993	1713	1250	1082	1180	961	989	1082	794	1306	1697	1615	1112	1362	1568	1309	1696
YQE_09508	4791	494	426	298	461	385	372	362	271	383	410	397	399	452	461	357	494
YQE_00506	558	6	8	4	12	5	2	1	7	6	5	3	4	4	5	5	5
YQE_10316	948	154	108	133	129	122	128	99	87	184	242	182	168	264	249	253	237
YQE_10317	606	62	41	38	32	34	33	53	30	27	44	31	24	30	43	31	29
YQE_10318	273	0	0	0	1	2	0	0	2	0	1	0	0	1	0	0	0
YQE_10319	384	0	0	0	0	0	0	1	0	0	0	0	0	0	0	0	0
YQE_10320	3571	23	2	3	2	12	5	8	4	2	8	3	0	6	7	4	13
YQE_10321	129	30	24	21	24	33	27	24	25	22	37	22	8	15	27	16	20
EMDPOG00000000226	124	1	0	0	0	0	0	0	0	0	0	0	0	0	0	0	1
EMDPOG00000000200	124	2	0	0	1	0	2	0	0	0	0	1	0	0	0	0	1
YQE_10322	423	91	51	42	39	49	43	49	45	34	54	27	29	46	53	31	34
YQE_10323	3961	951	515	499	548	463	459	454	344	496	1250	422	320	527	568	535	677
YQE_10324	2121	515	310	263	408	288	320	275	280	273	461	314	253	345	436	285	407
YQE_10325	1251	21	24	31	44	14	19	14	18	33	31	17	37	37	50	31	30
YQE_10326	423	13	8	23	20	6	8	7	6	23	20	14	19	18	33	19	24
YQE_10327	1071	565	330	373	383	269	341	283	255	404	761	396	341	437	430	400	524
YQE_10328	953	55	44	29	41	135	122	132	143	33	39	38	44	61	150	65	110
YQE_10329	531	5	0	1	0	0	0	0	1	4	3	9	1	1	3	0	1
YQE_10330	8142	56	12	52	10	52	46	32	86	150	13	38	28	14	48	18	34
YQE_10331	1767	343	154	143	156	150	153	149	114	254	445	226	196	242	277	181	278
YQE_01153	956	1623	1641	1246	1556	1592	1517	1503	1090	1292	1316	1407	1238	1466	1439	1506	1715
YQE_00478	327	1	2	0	0	0	0	0	0	0	0	0	1	0	0	1	0
YQE_00550	1560	18	16	11	12	25	14	19	15	24	12	16	13	20	35	31	19
YQE_00551	1257	2	0	1	0	4	1	1	1	0	1	1	0	10	12	3	10
YQE_11834	198	157	98	112	105	104	132	89	88	108	177	80	73	158	173	166	183
YQE_11835	744	583	428	394	459	508	557	469	406	420	614	408	316	635	692	640	729
YQE_11836	1299	528	522	283	482	408	536	571	456	431	805	660	296	444	680	507	716
YQE_01074	720	26	16	18	13	10	15	17	15	15	42	9	8	15	4	7	7
YQE_01075	791	28	29	25	52	21	42	27	18	30	16	49	16	14	23	16	17
YQE_01431	1049	1	0	0	0	0	0	0	0	0	1	0	0	0	0	0	0
YQE_00475	598	0	0	0	0	0	0	0	1	0	0	0	0	0	0	0	0
YQE_00476	719	3	2	3	0	2	4	2	2	4	3	7	0	7	10	3	10
YQE_00530	3784	435	318	413	493	237	362	309	306	405	431	352	294	319	413	421	385
YQE_02709	939	4	8	4	3	12	12	8	8	6	2	6	4	17	15	13	15
YQE_02237	3288	49	18	18	15	12	22	9	9	47	63	11	7	41	64	17	38
YQE_02238	1635	377	385	302	487	279	379	314	284	162	207	229	176	392	338	350	457
YQE_12666	636	0	0	1	0	1	3	0	1	7	3	1	1	5	3	2	5
YQE_12667	441	36	33	18	24	24	28	32	17	30	38	23	20	40	32	31	38
YQE_12668	1502	37	22	23	39	31	39	28	20	41	34	33	19	39	37	21	25
YQE_12669	970	742	603	545	724	675	683	604	507	761	673	644	605	732	808	705	786
YQE_12670	1652	608	304	270	344	312	340	273	230	306	691	311	234	308	340	290	353
YQE_12671	1307	1501	1055	846	1117	1068	981	1003	741	1112	1665	1324	1044	1195	1266	1050	1414
YQE_12672	4107	2982	2187	2070	2271	2080	2155	1815	1507	2966	3805	3012	2353	3016	3093	2391	3573
YQE_12673	1512	1647	1172	1028	1135	1026	1171	1139	805	1057	1412	1019	861	1117	1312	964	1237
YQE_12674	2868	747	405	390	443	280	330	275	262	496	783	445	392	467	467	427	552
YQE_12675	693	6	7	10	14	13	21	5	5	7	7	6	6	12	14	11	5
YQE_12676	2610	56077	56764	49911	40449	42738	47518	45622	34188	35474	26364	30879	28446	30960	41256	31619	32411
YQE_12677	255	10	3	8	1	10	4	1	3	9	11	1	4	14	8	6	11
YQE_12678	762	8	6	9	9	11	11	3	10	10	17	9	18	36	47	12	18
YQE_12679	465	4977	4620	3845	5468	4431	4828	4811	3430	4630	5516	5841	5285	5383	5987	4876	6435
YQE_12680	2790	218	110	79	93	54	73	75	65	227	438	201	148	228	254	191	254
YQE_12681	4111	353	249	183	228	224	249	240	226	162	129	155	136	238	325	142	221
YQE_12682	4901	134	89	106	122	96	125	87	86	139	201	192	159	334	324	290	362
YQE_12683	1584	255	108	374	826	246	986	136	131	897	2163	1842	988	3330	4599	3904	5493
YQE_12684	5199	614	348	431	429	323	405	294	277	630	789	492	392	646	615	518	637
YQE_12685	821	125	35	8	8	14	14	15	9	22	165	13	9	14	9	18	7
YQE_12686	1977	427	233	221	235	191	225	166	148	247	461	238	175	280	295	243	319
YQE_12687	606	694	556	422	493	553	473	463	367	480	576	528	439	520	596	465	649
YQE_12688	1946	1632	1277	1072	1307	1251	1544	1450	1250	1619	1687	1587	1261	1542	2005	1388	1911
YQE_12689	1005	89	55	38	45	112	49	40	41	66	112	60	53	371	383	63	264
YQE_12690	547	200	163	115	132	125	137	117	86	100	169	136	90	161	200	113	198
YQE_12691	1530	925	621	659	798	667	767	701	576	2016	1565	1564	1563	1365	2054	1215	1722
YQE_12692	1706	2172	1858	1773	2991	2152	2941	2195	1785	3592	2322	3147	3707	3569	3645	3207	3288
YQE_12693	1051	64	34	29	41	33	17	29	32	56	87	41	54	80	85	31	71
YQE_12694	783	3064	2363	2274	2441	2382	2416	2713	2232	1695	1339	1424	1427	1773	2374	1577	1768
YQE_12695	3018	914	508	561	626	503	601	507	416	618	903	414	319	534	553	365	574
YQE_12696	2600	1213	1058	849	968	1045	907	953	718	563	985	751	774	773	846	797	994
YQE_12697	4115	5986	5294	6849	8311	5267	5159	5862	4274	4617	3303	4543	3366	4578	4650	5437	5154
YQE_12698	3321	527	497	551	661	536	564	543	375	660	387	484	435	694	901	653	858
YQE_12699	1596	778	578	585	642	788	798	744	612	532	621	633	383	718	844	601	913
YQE_12700	1332	798	431	356	538	312	302	363	267	446	966	457	364	479	490	445	553
YQE_12701	1412	302	247	177	216	190	184	177	145	143	225	192	82	217	218	224	249
YQE_12702	769	270	208	163	298	256	224	254	198	196	237	190	184	259	267	191	252
YQE_12703	3765	4426	3745	3214	3216	3084	3091	3364	2674	2760	2929	2634	2177	3309	3562	2650	3430
YQE_12704	432	218	136	118	174	125	106	110	78	171	207	164	132	138	140	109	128
YQE_12705	1709	1718	1516	1248	1138	1583	1675	1561	1231	883	670	812	533	664	886	648	811
YQE_12706	489	1	4	1	2	3	1	1	1	2	1	4	0	0	2	1	8
YQE_12707	270	0	1	1	1	0	0	0	1	0	2	2	0	0	0	1	2
YQE_12708	9648	912	164	36	32	42	24	23	21	102	1583	36	27	34	58	34	53
YQE_12709	1337	34	20	28	20	32	25	13	18	85	65	72	35	47	60	62	111
YQE_12710	1365	579	442	477	567	620	617	479	379	570	1304	840	623	1764	1398	1416	2088
YQE_12711	1538	32	13	35	33	72	64	25	25	96	155	88	126	471	579	150	412
YQE_12712	1305	28	11	26	32	25	38	19	11	62	76	46	56	192	272	88	204
YQE_12713	735	2178	1961	2402	3049	2879	2727	2437	1766	3590	2031	2603	2787	2681	3390	2696	3147
YQE_12714	5388	4	2	2	2	7	3	0	3	1	0	2	2	3	4	1	1
EMDPOG00000000153	73	0	0	0	0	0	0	0	0	0	0	0	0	0	0	0	0
EMDPOG00000000311	72	0	0	0	2	1	1	2	1	1	1	0	0	1	0	0	1
YQE_12715	714	0	0	0	0	0	0	0	0	1	0	0	1	0	0	0	0
YQE_12716	2784	1248	745	712	877	779	861	716	583	918	1469	973	843	942	1085	799	1218
YQE_12717	2145	975	693	811	970	576	609	507	451	820	1253	1041	844	1179	1109	1393	1555
YQE_12718	447	5	7	7	9	11	4	8	3	29	46	22	19	28	33	18	48
YQE_12719	2866	14265	12656	11566	11000	10193	9223	11226	7760	13943	31370	24289	11089	19678	22228	17805	27870
YQE_12720	817	150	41	48	76	54	42	30	32	152	323	199	99	183	223	150	196
YQE_12721	5827	1924	1818	1340	1440	1820	1863	1755	1643	1441	1372	1014	943	1587	1507	589	1987
YQE_12722	772	61226	60186	36237	36899	39617	51071	37304	38374	12547	10409	13047	12086	15447	19792	13770	15087
YQE_12723	813	23445	24899	21106	18414	20347	22458	16420	17330	9713	7899	10741	8410	12383	14720	14192	11734
YQE_12724	803	13630	14577	14463	13654	17133	15686	12962	11294	9885	7477	10095	7519	14548	14428	14179	11333
YQE_12725	865	1	0	0	0	0	5	1	0	5	1	5	3	1	6	3	7
YQE_12726	750	159	151	197	360	220	169	195	107	262	205	237	161	356	394	241	502
EMDPOG00000000232	107	15	7	7	6	8	12	8	11	8	5	3	7	20	9	8	13
YQE_12727	1740	4	3	3	23	30	60	9	10	13	30	23	58	34	33	64	30
YQE_12728	1708	10320	16462	11641	26223	12565	20210	9604	14474	3112	4616	3774	6408	10734	10364	12756	9824
YQE_12729	2705	28791	33486	21639	32700	47425	50163	39374	45126	5941	6844	10460	12550	15229	13018	15799	13664
YQE_12730	591	1	1	1	0	0	0	0	0	2	2	0	0	1	0	0	0
YQE_12731	1518	29	28	27	17	22	20	16	16	20	24	20	25	24	27	21	29
YQE_12732	474	1	4	3	3	3	9	0	3	4	5	4	6	3	0	1	1
YQE_12733	627	985	1040	1023	845	874	773	607	586	329	607	538	426	365	253	321	284
YQE_12734	606	1042	812	515	294	543	431	290	319	88	116	127	77	53	46	52	41
YQE_12735	10035	229	141	140	89	118	126	52	101	69	87	85	55	107	203	27	109
YQE_12736	2028	764	569	635	809	827	869	711	630	917	667	790	684	967	932	762	768
YQE_12737	1413	1051	817	767	929	738	718	674	607	1297	1726	1335	1218	1745	1368	1400	1848
YQE_12738	564	162	41	44	67	112	88	186	67	274	323	204	184	178	205	121	185
YQE_12739	3840	961	751	886	928	1073	1222	1073	923	863	602	722	533	937	982	750	953
YQE_12740	747	120	93	117	92	108	149	147	115	116	69	85	50	122	128	110	124
YQE_12741	848	3	3	6	5	57	4	4	2	0	0	2	0	446	443	0	253
YQE_12742	492	0	0	0	0	1	0	0	0	2	1	0	0	0	0	0	1
YQE_12743	756	0	0	0	0	0	0	0	0	3	1	0	1	0	0	0	0
YQE_12744	1522	560	441	435	376	355	395	334	372	228	268	293	254	322	361	308	386
YQE_12745	1214	50	29	20	36	17	31	15	23	28	58	58	24	36	23	36	51
YQE_12746	1257	0	0	0	1	1	0	0	0	5	4	0	0	0	0	0	0
YQE_12747	1530	8	1	0	0	0	0	0	0	0	12	0	0	0	0	0	0
YQE_12748	2388	647	475	377	440	497	411	427	320	472	652	522	364	596	690	514	669
YQE_12749	4896	767	431	375	437	384	397	352	324	690	1160	696	488	848	738	524	1069
YQE_12750	2335	1872	1515	1220	1272	1548	1796	1573	1441	1038	1423	1184	1430	1605	1805	1069	1610
YQE_12751	1687	406	415	234	272	190	244	259	275	184	196	192	153	143	126	70	204
YQE_12752	3059	1316	1235	453	625	875	829	956	955	618	857	577	469	513	557	212	695
YQE_12753	1812	1454	1482	1074	2459	1896	1963	2424	2297	965	1065	835	822	1102	1062	990	1164
YQE_12754	2961	30560	30082	24046	26956	39431	38920	36271	32822	13640	10733	12734	10864	18565	23494	23269	24420
YQE_12755	1620	144	129	120	131	128	169	111	103	181	197	164	153	228	209	171	226
YQE_12756	394	1023	701	1073	5678	1236	2282	912	1380	223	471	151	1170	298	395	4271	706
YQE_12757	360	0	0	0	0	0	1	0	0	0	0	0	0	0	0	0	0
YQE_12758	1367	3739	3522	3577	4354	3519	3347	3261	2379	3947	2975	4411	3835	3741	4168	4037	4557
YQE_12759	393	0	0	0	0	1	0	0	0	0	0	0	0	0	0	1	0
YQE_12760	747	0	1	1	2	3	0	0	0	0	0	1	0	1	1	1	0
YQE_12761	2361	24	12	9	18	18	21	8	17	141	104	42	33	28	44	46	27
YQE_12762	1599	1856	1295	1246	2346	824	862	750	680	1340	1878	1581	1445	1165	1089	1152	1124
YQE_12763	1023	397	296	271	375	356	374	299	229	478	467	398	340	524	536	393	472
YQE_12764	3105	323	224	214	1038	224	530	240	558	280	889	428	400	420	464	1315	541
YQE_12765	6374	134	116	71	129	165	170	163	134	370	239	300	197	309	444	173	382
YQE_12766	1662	39	35	23	24	23	36	20	11	72	51	52	24	34	56	38	36
YQE_12767	2472	1004	224	63	95	49	31	19	24	357	1502	386	151	153	217	228	245
YQE_12768	2010	682	364	245	303	304	296	299	221	224	669	219	171	254	298	224	273
YQE_12769	1692	480	327	334	426	282	309	297	288	413	571	418	329	419	492	338	455
EMDPOG00000000049	73	0	0	0	0	1	1	0	0	0	1	0	0	0	0	0	0
YQE_12770	957	341	190	245	230	159	227	207	176	256	304	223	165	321	336	319	419
YQE_12771	5301	502	345	150	269	215	295	254	263	152	643	237	89	285	227	202	215
YQE_12772	2321	0	1	2	1	44	3	0	1	7	2	2	1	174	251	1	126
YQE_12773	1880	243	240	163	348	252	253	219	170	738	470	380	444	751	407	219	1188
YQE_12774	1849	242	63	46	41	35	45	29	23	85	485	51	53	112	72	59	84
YQE_12775	1293	2178	1481	1303	1503	1353	1285	1394	1064	1427	2371	1670	1211	1611	1708	1564	1975
YQE_12776	1461	7	3	6	6	4	6	2	4	4	7	4	2	7	7	3	6
YQE_12777	604	5903	4181	2142	5930	14699	16095	16591	30044	274	366	601	469	1528	853	697	579
YQE_12778	1023	0	0	0	1	11	0	0	0	0	0	0	0	61	69	0	23
YQE_12779	1764	34	33	13	19	18	38	51	44	104	51	26	16	33	52	31	43
YQE_12780	1812	0	0	0	1	63	1	1	0	0	0	1	1	306	307	0	167
YQE_12781	297	5	5	4	3	3	6	9	4	8	3	0	4	7	7	6	7
YQE_12782	2220	69	61	35	33	52	84	96	71	162	114	60	43	68	90	61	84
YQE_12783	3957	651	378	389	431	303	388	311	294	654	993	579	407	640	760	649	753
YQE_12784	1431	136	123	97	138	97	113	109	86	146	157	135	92	133	174	106	193
YQE_12785	2664	541	389	387	384	310	355	370	289	377	535	400	332	475	568	406	522
YQE_12786	1287	263	185	188	167	149	192	175	127	208	281	238	163	251	252	209	285
YQE_12787	1693	4817	3716	3851	4739	5412	4720	5628	3908	8120	8223	8086	6993	6423	10505	7104	11105
YQE_12788	1644	1344	977	701	743	573	796	631	770	530	1187	921	734	1344	1340	1025	1438
YQE_12789	513	840	608	550	622	491	546	586	460	349	720	444	319	429	546	463	505
YQE_12790	465	2	0	1	2	3	4	1	2	2	1	0	1	5	6	6	1
YQE_12791	829	285	242	264	282	203	284	199	203	372	324	387	332	478	486	554	515
YQE_12792	2026	214	158	184	224	179	180	145	147	384	297	376	305	572	511	438	400
YQE_12793	1344	1145	1007	729	1056	866	895	868	670	973	904	930	678	1101	1245	977	1170
YQE_12794	1962	303	131	147	142	148	143	132	115	268	450	323	227	390	430	222	356
YQE_12795	393	343	256	217	327	239	262	258	180	284	487	331	217	297	349	278	349
YQE_12796	4239	2028	1489	1746	2228	1183	1461	1466	1122	1668	2015	1416	1121	1646	1849	1523	1931
YQE_12797	1582	1332	1010	874	1207	1017	975	998	729	1272	1657	1428	1117	1481	1638	1329	1660
YQE_12798	1447	348	297	262	358	255	235	214	204	394	419	351	260	295	373	311	363
YQE_12799	1703	669	499	372	492	641	539	518	407	398	493	457	482	643	638	555	745
YQE_02609	2955	2060	1383	1898	1433	987	767	605	539	4142	13621	9425	3441	5602	5878	5591	9027
YQE_02610	729	0	0	0	0	21	0	0	0	1	0	0	0	92	110	0	49
YQE_03902	4873	70839	70980	65390	71873	114059	104276	81456	65293	81635	62938	90674	92445	106987	129125	108570	104976
YQE_03903	2258	6320	5634	4757	4878	8729	8000	6077	5473	5628	4983	6071	7176	8668	10176	8521	8552
YQE_03904	1014	339	226	224	272	213	258	225	193	249	321	252	208	270	268	244	293
YQE_03905	798	5	4	3	3	33	12	4	4	18	12	16	12	185	221	8	112
YQE_03906	522	129	37	19	14	13	8	17	8	16	174	13	16	8	10	17	15
YQE_03907	771	473	197	113	125	127	154	119	91	218	755	202	186	199	202	160	213
YQE_03908	1447	1	1	1	2	5	3	1	2	3	4	4	2	3	9	4	4
YQE_03909	769	7	0	5	4	1	4	1	1	6	7	4	17	6	3	9	8
YQE_03910	5463	1025	936	744	891	667	797	880	589	1157	1522	1251	850	1194	1355	1019	1383
YQE_03911	2709	477	315	248	330	278	284	261	258	304	492	315	240	321	404	335	386
YQE_03912	849	237	249	248	181	225	260	226	232	158	92	112	115	140	206	131	137
YQE_00501	1160	144	95	92	114	234	262	227	212	117	101	102	84	227	379	236	286
YQE_00502	588	310	214	199	244	267	278	282	174	194	191	167	153	255	253	206	298
YQE_08958	1158	648	473	396	463	372	385	344	329	544	740	577	494	594	678	517	595
YQE_08959	270	2	2	0	1	1	0	1	2	3	0	2	2	0	2	1	1
YQE_08960	825	2	6	6	3	2	4	4	1	2	0	1	0	5	4	0	0
YQE_08961	636	89	39	62	71	50	51	56	41	72	96	70	60	76	127	68	102
YQE_04159	1824	279	121	212	264	175	271	217	140	518	1166	832	841	738	762	499	1228
YQE_00062	474	123	97	87	112	65	75	58	77	187	468	340	201	246	377	286	356
YQE_01347	303	52	41	52	54	22	20	41	17	49	27	61	35	31	36	37	43
YQE_01348	237	39	45	34	28	25	23	20	22	42	19	46	27	24	18	28	20
YQE_01207	651	87	49	47	49	147	139	138	114	47	78	69	52	153	180	142	174
YQE_02383	579	15	8	3	3	7	9	4	2	3	1	3	2	3	3	5	8
YQE_00884	393	0	0	0	0	9	2	0	0	1	0	0	0	39	37	0	22
YQE_09559	1395	2	1	0	1	2	1	0	2	4	3	2	1	1	1	1	0
YQE_09560	1234	21110	17132	12921	15147	33454	30629	28986	26110	6345	4566	6593	8568	13098	12380	11261	8907
YQE_09561	1193	763	634	454	480	2036	1979	1952	1751	200	163	370	335	687	585	573	460
YQE_00079	282	0	0	0	0	0	0	0	0	1	1	0	0	1	6	0	1
YQE_00212	216	2	2	0	6	1	4	1	0	3	0	0	0	4	0	1	1
YQE_00017	597	18	8	16	15	15	15	8	13	24	47	22	12	24	33	18	35
YQE_12578	714	84	28	19	37	40	23	20	18	29	83	35	18	70	79	24	56
YQE_12579	1016	285	205	207	212	187	210	220	154	192	272	195	170	197	228	150	262
YQE_12580	918	944	1114	893	1921	2012	1681	2247	1240	778	796	1465	1510	1246	1494	1303	2094
YQE_12581	784	948	735	788	1117	1037	952	740	667	779	1074	974	867	875	950	770	998
YQE_12582	1776	3	0	0	3	0	2	0	0	0	3	0	0	3	2	0	0
YQE_12583	570	0	0	0	0	0	0	0	0	0	0	0	0	0	0	0	0
YQE_12584	9320	12	18	23	47	39	46	21	48	163	98	33	12	54	58	43	31
YQE_12585	5391	23	5	2	5	7	11	8	5	5	30	5	7	28	22	5	16
YQE_12586	2796	2	1	0	0	2	0	0	0	0	2	0	0	1	1	0	1
YQE_12587	1323	2	0	0	0	1	1	0	0	1	0	0	0	0	0	1	3
YQE_12588	1143	0	1	3	3	3	3	1	0	2	5	6	1	3	0	3	4
YQE_12589	807	0	0	0	1	0	0	0	0	0	0	0	0	0	0	0	0
YQE_12590	738	14	28	29	14	48	49	40	27	2	1	2	1	11	7	3	3
YQE_12591	944	2304	1585	2172	2740	2180	2486	1983	1631	3498	2708	3429	3580	3207	3942	2807	3205
YQE_12592	1083	1965	1313	1889	2234	1401	1631	1547	1178	3103	2263	3004	3063	2827	3299	2642	2947
YQE_12593	672	3	1	3	12	6	7	5	4	2	0	0	1	1	2	0	3
YQE_12594	2520	608	342	455	494	252	401	230	218	496	814	477	499	590	543	697	603
YQE_12595	1732	1765	1482	1214	1529	1306	1359	1272	1132	950	1286	1143	1008	1261	1333	1065	1464
YQE_12596	1412	1980	456	20	11	8	16	10	4	28	2464	10	5	4	5	6	6
YQE_12597	717	7	13	22	16	12	17	5	10	24	5	12	8	14	13	14	13
YQE_12598	1374	2	0	0	1	0	1	0	4	14	5	0	0	0	0	0	0
YQE_12599	930	411	290	210	293	280	256	265	234	265	463	260	263	292	340	301	366
YQE_12600	952	1813	1418	1227	1541	1569	1738	1567	1464	908	994	883	760	1052	1429	994	1046
YQE_12601	985	389	173	133	117	239	202	171	146	68	315	106	84	89	108	91	116
YQE_12602	1617	460	288	297	318	358	267	272	219	309	532	355	306	388	450	391	461
YQE_12603	870	162	121	77	87	83	69	83	56	140	269	160	95	116	141	112	131
YQE_12604	10740	2757	1652	1612	2022	1258	1383	1393	1304	2234	4010	2084	1829	1912	2183	1641	2336
YQE_12605	1363	11132	8267	4474	5699	1771	1838	1913	1713	1902	2511	3005	2250	3057	2548	2942	3021
YQE_12606	480	79	48	61	68	46	43	53	39	94	71	58	61	86	86	72	75
YQE_12607	992	906	759	646	866	599	565	731	546	1034	1033	1001	943	1064	1095	931	1281
YQE_12608	845	422	377	333	442	400	407	354	282	317	337	344	258	310	392	313	401
YQE_12609	1782	829	404	443	436	453	476	370	353	512	715	423	332	520	695	392	633
YQE_12610	1342	811	728	553	962	413	406	526	336	617	535	419	407	419	477	394	733
YQE_12611	2080	981	674	502	725	439	633	472	585	377	623	572	320	664	748	599	759
YQE_12612	3651	2504	1996	1935	2311	2724	2661	2340	2063	1811	1684	1361	1240	1827	1870	1682	2000
YQE_12613	1222	703	391	358	502	385	368	496	312	540	873	515	407	439	574	459	597
YQE_12614	1689	44	34	16	33	29	31	34	30	37	60	38	23	55	50	35	58
YQE_12615	634	9	5	4	2	14	2	2	2	6	5	4	9	65	79	9	54
YQE_12616	1257	93	45	34	35	42	23	32	32	38	123	35	35	42	53	27	50
YQE_12617	842	97	70	64	101	60	77	60	59	82	121	92	88	139	127	119	157
YQE_12618	1391	90	43	56	71	73	89	73	50	112	91	96	68	115	134	97	102
YQE_12619	1401	458	283	298	348	388	360	340	232	395	411	419	341	484	530	336	492
YQE_12620	2592	991	515	509	647	679	772	595	536	662	1472	661	661	1030	855	774	1258
YQE_12621	1351	163	158	93	107	200	150	58	74	127	285	297	164	269	220	168	278
YQE_12622	768	2	2	5	7	4	5	2	5	9	50	69	24	9	17	12	11
YQE_12623	2706	1888	1533	1501	1745	1718	1606	1472	1338	1419	1709	1448	1296	1649	1940	1580	2059
YQE_12624	601	1	5	5	8	3	0	1	4	0	2	0	1	1	1	3	2
YQE_12625	729	2	4	4	3	8	8	2	6	5	5	0	4	2	4	3	6
YQE_12626	700	277	229	203	380	243	289	248	185	338	413	313	397	489	453	358	458
YQE_12627	1532	1061	739	610	987	1015	955	810	701	740	1052	905	843	1250	1384	1048	1523
YQE_12628	2089	2053	1717	1513	2099	1590	1439	1649	1204	1696	1817	1788	1608	1820	1933	1722	2417
YQE_12629	1568	345	282	225	326	266	232	229	190	184	392	209	183	398	503	195	324
YQE_12630	1053	304	175	158	153	187	164	175	134	206	340	152	124	191	204	157	207
YQE_12631	698	1688	1491	1114	1534	1509	1351	1418	1016	1142	1339	1296	1060	1234	1474	1064	1630
YQE_12632	1257	15	11	3	8	10	23	20	17	2	5	2	1	6	11	2	7
EMDPOG00000000014	72	0	1	0	1	2	0	1	0	0	0	0	0	0	1	0	0
YQE_12633	1711	9	7	0	8	18	8	21	3	12	7	3	6	4	68	3	16
YQE_12634	993	3	1	0	3	4	3	6	4	1	1	2	0	5	4	2	1
YQE_12635	3459	293	255	137	217	128	182	140	159	267	582	450	247	236	331	235	375
YQE_12636	438	0	1	0	0	0	0	0	1	0	1	0	0	2	2	0	1
YQE_12637	13128	6	7	6	5	60	3	2	4	8	12	1	8	230	231	2	160
YQE_12638	621	0	0	0	1	2	1	0	0	1	0	0	0	4	2	1	3
YQE_12639	414	0	0	0	4	3	0	0	0	2	0	0	0	0	1	0	0
YQE_12640	539	773	662	490	630	621	578	619	525	326	393	385	412	428	498	403	468
YQE_12641	1097	225	122	97	110	113	93	108	70	138	346	138	92	143	145	123	179
YQE_12642	897	453	303	257	329	256	212	293	203	278	427	343	261	323	379	276	440
YQE_12643	309	32	27	19	25	14	19	15	20	42	61	31	29	49	45	30	52
YQE_12644	972	15	6	14	7	17	12	2	11	28	21	20	10	77	73	16	53
YQE_12645	540	51	25	28	14	13	17	9	12	43	51	52	36	46	59	36	33
YQE_12646	4245	4562	3596	2754	3575	2788	2737	2632	1887	2976	4772	3108	2218	3199	3959	2776	4008
YQE_12647	172	18	6	6	1	7	3	5	1	7	36	6	3	7	9	3	9
YQE_12648	2113	688	161	94	77	169	131	61	77	195	792	153	128	476	442	192	356
YQE_12649	1443	48	25	31	17	25	41	13	19	40	43	50	11	33	50	45	27
YQE_12650	1233	32	18	9	13	15	28	11	7	24	40	24	22	27	32	36	36
YQE_12651	471	55	28	19	30	24	18	15	10	37	100	32	32	49	40	35	54
YQE_12652	5365	784	442	571	702	561	664	505	483	968	1166	757	743	899	862	767	951
YQE_12653	444	5	2	0	5	0	2	1	0	0	8	1	0	1	1	1	1
YQE_12654	966	44	7	5	4	4	4	2	3	2	88	2	3	0	5	4	4
YQE_12655	2286	620	590	600	673	766	719	592	460	616	403	587	450	825	827	565	878
YQE_12656	1359	193	144	190	291	582	235	135	188	596	246	490	564	374	297	283	368
YQE_12657	1863	496	293	283	339	240	234	255	200	365	650	403	248	392	416	327	482
YQE_12658	342	684	470	483	440	647	683	486	482	304	530	230	140	359	336	305	292
YQE_12659	3146	64	39	36	26	41	41	31	45	27	89	26	15	80	55	37	100
YQE_00924	258	1455	1309	1039	1236	1181	1086	1322	952	675	601	743	461	707	909	645	880
YQE_02819	267	5	2	0	1	0	0	0	0	0	8	1	0	0	2	0	3
YQE_11770	2238	70	71	44	68	103	65	79	83	88	96	64	57	204	230	69	145
YQE_11771	1179	0	1	3	4	1	1	2	2	3	2	4	2	6	5	6	5
YQE_11772	1365	145	52	45	42	42	48	37	39	52	133	55	46	66	79	38	57
YQE_11773	1046	144	92	71	125	81	68	68	81	118	205	138	93	123	122	116	153
YQE_11774	1227	2	1	2	3	3	3	3	2	2	6	5	6	3	4	7	4
YQE_11775	1629	288	131	126	126	82	109	109	88	164	342	185	163	222	203	173	198
YQE_11776	2158	860	630	441	600	524	573	525	442	584	823	595	581	604	662	464	642
YQE_11777	1761	6505	5329	4375	5631	5203	5810	4972	3916	5670	6104	5381	4455	5559	6549	4967	6421
EMDPOG00000000086	82	0	0	0	0	0	0	0	0	0	0	0	0	0	0	0	0
YQE_11778	966	19	3	6	10	9	11	2	7	5	5	6	9	74	60	9	41
YQE_11779	1541	170	129	107	131	110	97	116	81	88	121	121	79	111	100	92	104
YQE_11659	1904	332	183	157	204	205	176	188	135	230	395	207	182	230	282	204	266
YQE_11660	1342	48	26	5	11	12	6	13	5	10	44	9	3	15	5	7	11
YQE_11661	369	1395	1188	924	1176	1237	1269	1195	860	1034	1139	1240	1066	1106	1241	974	1542
YQE_11662	814	369	301	252	294	324	273	307	209	301	346	336	244	316	398	333	349
YQE_11663	1555	1477	1110	1193	1445	1308	1112	901	644	1791	3371	2990	1654	2472	2671	2465	3110
YQE_11664	2031	3652	2744	2226	2743	2862	2619	2613	2078	2233	3295	2557	2176	2649	3009	2408	3087
YQE_11665	791	356	225	266	269	249	272	186	158	415	545	515	424	855	594	740	706
YQE_11666	4787	4	10	6	15	5	19	9	7	1	5	1	2	7	6	8	6
YQE_11667	231	0	0	0	0	0	0	0	0	0	0	0	0	0	1	0	0
YQE_11668	9630	1758	1156	1283	1591	910	1044	1101	908	1620	2066	1304	1219	1220	1307	1052	1506
YQE_11669	1422	471	255	328	373	284	348	293	251	484	548	403	313	363	411	295	434
YQE_11670	1253	197	134	128	152	120	147	134	102	191	266	183	186	170	216	141	212
YQE_11671	2308	3240	2198	3046	2408	12239	8320	8527	6918	5356	2894	2303	2101	13160	14175	14107	9541
YQE_11672	1808	3275	2338	2077	2664	1848	1684	2470	1648	2254	2636	2194	1547	1937	2263	1807	2396
